Station_56485
  1  14.40   0.50   0.00
  2  13.10   0.70   0.00
  3  12.00   0.20   0.00
  4   7.80   1.30   0.00
  5  15.10   1.50   0.00
  6   9.70   5.50   0.00
  7   9.50   5.00   0.00
  8  11.10   4.20   0.00
  9   8.00   5.40   0.00
 10   8.20   3.70   0.00
 11   7.70   4.90   0.00
 12   7.00   4.40   0.05
 13  11.30   3.70   0.02
 14   8.50   4.40   0.02
 15   6.40   3.80   0.02
 16   4.80   2.40   0.00
 17   3.10   0.60   0.03
 18   5.30   0.70   0.00
 19   7.10  -0.80   0.00
 20   4.40   1.30   0.14
 21   3.50   0.10   0.31
 22   5.00   1.10   0.00
 23   3.40   1.90   0.00
 24   3.80   1.40   0.00
 25   3.40   0.90   0.04
 26   5.10   1.00   0.03
 27   2.10   0.60   0.05
 28   1.80  -0.80   0.04
 29   2.80  -0.60   0.04
 30   1.10  -1.50   0.53
 31   2.70  -1.20   0.28
 32   0.70  -1.10   0.02
 33   0.80  -1.80   0.06
 34   1.40  -1.30   0.00
 35   2.20  -0.70   0.01
 36   9.40  -1.70   0.00
 37   8.80   0.90   0.00
 38   6.60   2.30   0.15
 39   4.20   1.60   0.00
 40   9.40   1.80   0.00
 41  11.60   2.80   0.01
 42  13.20   4.00   0.02
 43   9.40   4.60   0.00
 44   7.80   4.70   0.00
 45   6.20   3.20   0.01
 46   6.30   2.50   0.00
 47  15.00   0.40   0.00
 48   9.70   4.90   0.00
 49   7.70   4.10   0.00
 50   6.40   4.00   0.00
 51   6.90   3.40   0.02
 52   7.90   3.70   0.00
 53   8.60   3.90   0.00
 54   7.50   3.90   0.01
 55   6.10   3.60   0.02
 56   4.00   1.30   0.38
 57   5.40  -0.50   0.04
 58   3.40  -0.10   0.56
 59   6.10   1.00   0.03
 60   7.10   1.90   0.14
 61   6.60   3.10   0.06
 62   5.40   3.10   0.59
 63   8.00   3.20   0.20
 64   9.50   4.40   0.00
 65  13.40   3.40   0.00
 66  11.00   6.30   0.01
 67   8.10   5.30   0.08
 68   8.00   4.00   0.30
 69   7.90   4.10   0.56
 70   6.20   3.50   0.25
 71   9.90   2.10   0.10
 72  11.20   4.70   0.00
 73  10.90   5.80   0.01
 74  11.60   6.40   0.00
 75  10.90   7.00   0.24
 76  10.50   5.30   0.34
 77  11.20   6.50   0.00
 78  14.50   7.20   0.00
 79  15.00   8.40   0.00
 80  15.70   9.00   0.00
 81  17.80   9.80   0.00
 82  18.80  10.20   0.00
 83  14.80   5.50   0.09
 84  13.40   4.90   0.00
 85  10.80   6.30   0.00
 86  19.80   2.00   0.00
 87  25.10   6.80   0.00
 88  23.20   9.50   0.00
 89  20.60  11.80   0.00
 90  19.80  12.30   0.00
 91  25.50  10.20   0.38
 92  24.50  12.50   0.50
 93  16.30  10.00   2.87
 94  11.90   7.60   1.30
 95  11.00   8.40   0.12
 96  12.90   7.10   0.03
 97  12.20   8.30   0.01
 98  16.00   8.20   0.11
 99  16.10  10.20   0.02
100  14.90  10.60   0.47
101  12.70   9.60   1.51
102  17.60   7.20   0.03
103  20.60   7.80   0.00
104  16.80  10.50   0.12
105  14.90   8.70   1.09
106  19.10   5.70   0.08
107  23.30   7.60   0.00
108  22.90  10.10   0.00
109  22.40  13.40   0.00
110  25.80  12.50   0.00
111  21.40  11.60   0.01
112  16.90  10.50   0.38
113  20.60  11.70   0.00
114  22.40  12.80   0.00
115  20.40  13.80   0.00
116  15.50  10.30   0.17
117  18.10   9.20   0.13
118  20.40  10.70   0.00
119  23.50  10.40   0.00
120  19.30  10.10   0.09
121  18.10   8.90   0.08
122  16.70  10.80   0.00
123  24.60   8.70   0.00
124  24.10  13.90   0.00
125  25.10  13.10   0.09
126  29.30  11.50   0.00
127  29.40  13.50   0.00
128  28.00  16.40   0.10
129  21.50  16.70   0.27
130  26.00  13.00   2.32
131  26.80  14.30   0.00
132  22.00  15.10   0.00
133  29.30  11.30   0.00
134  33.20  12.00   0.00
135  30.80  15.70   0.00
136  29.60  18.90   0.00
137  21.30  12.60   0.14
138  20.10  14.00   0.00
139  19.80  11.70   0.71
140  26.30  12.60   0.00
141  29.40  14.00   0.00
142  29.80  12.60   0.00
143  30.10  15.10   0.00
144  24.50  16.10   0.16
145  20.60  16.10   1.21
146  26.70  13.00   0.58
147  22.90  15.50   0.70
148  18.40  14.50   0.70
149  16.30  11.90   0.18
150  18.40  12.00   0.00
151  22.90  13.10   0.75
152  29.70  12.30   0.00
153  28.60  16.60   0.00
154  26.70  19.50   0.00
155  29.90  18.40   0.03
156  29.40  20.10   0.26
157  29.60  20.90   0.00
158  25.50  19.20  11.64
159  22.70  18.10   0.40
160  20.90  17.20   0.04
161  23.20  17.10   0.00
162  20.70  14.80   1.16
163  17.70  15.00   0.05
164  16.30  14.40   1.68
165  17.20  13.50   0.31
166  21.40  13.20   1.24
167  27.00  14.50   0.00
168  26.90  18.40   0.00
169  28.90  18.30   0.00
170  24.00  16.90   2.52
171  23.20  16.50   0.16
172  24.80  16.50   1.02
173  23.30  15.80   0.00
174  29.10  17.60   0.00
175  25.10  19.20   4.38
176  23.60  19.10   2.05
177  26.50  19.60   0.00
178  24.20  19.80   3.86
179  23.90  18.10   1.06
180  22.40  19.10   0.38
181  23.30  18.60   0.05
182  28.50  17.90   0.00
183  26.50  19.40   0.00
184  25.20  18.80   0.00
185  22.10  18.20   1.89
186  26.60  18.10   0.00
187  27.60  19.60   0.00
188  29.80  17.90   0.00
189  25.50  20.80   0.08
190  23.90  18.20   0.42
191  22.10  19.00   1.73
192  23.20  18.10   0.00
193  23.50  16.70   0.00
194  23.60  17.30   0.00
195  23.30  18.50   0.01
196  23.90  18.20   2.04
197  30.20  18.00   0.00
198  31.20  20.70   0.00
199  31.30  17.40   2.85
200  30.60  17.70   3.77
201  30.60  19.30   0.00
202  27.90  20.30   0.25
203  29.10  18.80   1.65
204  30.50  19.10   0.00
205  31.90  19.80   0.00
206  32.10  19.50   0.00
207  32.90  20.40   0.00
208  32.20  20.60   0.00
209  30.40  19.80   0.25
210  30.00  17.60   0.44
211  26.40  16.70   0.24
212  22.00  16.00   0.00
213  29.00  13.80   0.00
214  24.20  18.50   0.02
215  20.90  16.50   0.31
216  21.70  16.20   0.06
217  25.40  17.70   0.00
218  26.10  18.50   0.00
219  27.30  19.90   0.00
220  29.70  21.00   0.73
221  24.00  18.00   1.62
222  27.70  18.30   0.00
223  28.10  20.60   0.00
224  26.90  20.40   0.46
225  29.30  19.20   0.00
226  30.20  20.90   0.40
227  28.10  20.80   3.38
228  26.80  21.00   0.04
229  29.10  19.30   0.00
230  26.40  20.90   0.24
231  25.50  19.60   1.34
232  29.00  19.10   0.00
233  24.90  18.90   0.12
234  28.20  17.60   0.00
235  25.60  20.10   2.24
236  25.70  17.60   2.82
237  27.40  17.00   0.00
238  27.20  19.00   0.00
239  22.60  16.90   0.21
240  25.00  16.30   0.17
241  21.10  16.80   1.22
242  19.90  15.40   0.50
243  27.10  15.40   0.06
244  27.50  17.60   0.00
245  28.30  19.70   0.00
246  29.40  19.90   0.36
247  29.40  19.40   0.00
248  24.30  20.20   0.22
249  22.90  18.30   0.49
250  21.10  16.80   0.06
251  18.30  13.40   0.14
252  16.30  12.30   0.36
253  15.60  13.40   0.12
254  15.70  13.50   0.45
255  15.90  13.80   0.25
256  17.80  13.70   0.12
257  18.80  14.40   0.03
258  24.50  10.70   0.00
259  26.30  10.90   0.00
260  22.60  15.20   0.00
261  26.40  12.00   0.00
262  21.30  14.90   0.27
263  24.10  14.20   1.04
264  24.30  12.10   0.00
265  23.90  13.70   0.00
266  26.50  17.70   0.00
267  23.80  18.80   0.00
268  23.90  18.20   0.05
269  22.40  17.30   0.83
270  21.00  16.50   0.84
271  22.00  17.50   0.01
272  22.30  17.30   0.64
273  22.40  17.60   0.00
274  18.80  15.20   0.28
275  18.10  14.80   0.00
276  20.90  15.30   0.08
277  18.10  15.30   0.59
278  20.10  14.60   0.15
279  25.80  14.30   0.00
280  26.70  13.20   0.00
281  26.10  17.40   0.00
282  26.80  16.70   0.00
283  26.80  18.60   0.00
284  24.90  17.80   0.00
285  21.30  14.10   0.03
286  14.50  10.80   0.14
287  12.30  10.50   0.02
288  15.40   9.70   0.03
289  13.10  10.20   0.00
290  14.00  10.30   0.08
291  20.80  11.00   0.01
292  16.90  13.20   0.01
293  19.00  12.30   0.01
294  19.90  13.60   0.00
295  16.60  13.60   0.28
296  21.30  13.50   0.22
297  20.70  14.80   0.00
298  19.40  14.60   0.00
299  16.40  10.80   0.00
300  15.40  10.60   0.00
301  15.70  11.60   0.03
302  15.00  11.40   0.37
303  13.10   9.10   1.19
304  20.60   6.10   0.00
305  16.70  10.30   0.00
306  19.30   5.50   0.00
307  20.10   6.40   0.00
308  14.00   8.00   0.00
309  20.90   7.90   0.00
310  21.00   7.80   0.00
311  22.40  11.60   0.00
312  17.90  13.70   0.01
313  19.40  11.80   0.01
314  18.30  12.80   0.00
315  14.70   5.70   0.25
316   7.90   3.50   0.14
317   9.10   4.10   0.00
318   8.00   4.80   0.00
319   7.00   4.60   0.02
320  11.30   5.10   0.00
321   9.80   5.10   0.00
322   8.20   6.00   0.01
323   9.30   6.10   0.02
324   7.60   1.60   0.16
325   9.90   0.80   0.16
326  14.40   1.30   0.00
327   9.70   5.00   0.00
328   8.60   5.50   0.00
329   9.50   5.70   0.00
330  12.30   6.60   0.00
331  11.10   7.70   0.00
332   8.50   5.50   0.05
333   8.70   6.10   0.00
334   8.40   5.90   0.00
335  13.80   5.00   0.01
336   9.10   5.50   0.01
337   6.20   2.80   0.06
338  14.40   2.60   0.00
339   7.60   1.10   0.00
340  10.40   4.20   0.00
341   9.10   5.30   0.00
342  14.20   3.00   0.00
343  12.50   5.70   0.00
344   8.70   6.80   0.00
345   7.40   5.50   0.00
346   6.20   3.10   0.01
347   3.90   0.60   0.17
348  10.70  -0.60   0.08
349   5.30   2.90   0.00
350   4.50   2.60   0.00
351  11.50   1.70   0.00
352   8.60   5.30   0.00
353   6.50   4.60   0.00
354   5.90   4.10   0.00
355   7.60   3.50   0.00
356  12.80   3.20   0.00
357  13.30  -0.10   0.00
358  13.90   0.50   0.00
359  12.50   1.50   0.00
360  13.10   2.30   0.00
361  15.00   4.30   0.00
362   8.90   6.30   0.00
363  12.30   2.60   0.00
364   9.90   5.90   0.00
365  11.20   6.40   0.00
