5
4 25 1
0.000000 0.000000 0.000000 0.000000 80.000000 0.000000 0.000000 10.000000
1.000000 0.000000 0.000000 0.000000 0.000000
6 25 1
0.000000 0.000000 0.000000 0.000000 60.000000 0.000000 0.000000 10.000000
1.000000 0.000000 0.000000 0.000000 0.000000
7 10 0
0.000000 0.000000 0.000000 0.000000 50.000000 0.000000 0.000000 0.200000
1.000000 0.000000 0.000000 0.000000 0.000000
7 20 0
0.000000 0.000000 0.000000 0.000000 40.000000 0.000000 0.000000 0.200000
1.000000 0.000000 0.000000 0.000000 0.000000
11 1 0
0.000000 0.000000 0.000000 0.000000 50.000000 0.000000 0.000000 0.200000
1.000000 0.000000 0.000000 0.000000 0.000000
0
