2
2  Winter_wheat  1  304  1200.000000  2
274  304  0.900000  90.288322  111
12.500000  -107374176.000000  -107374176.000000  0.400000  40.000000
0
0
0.230000 0.225000 0.225000 0.320000
25.000000 95.000000 95.000000 95.000000
2000.000000 120.000000 15.000000 1.000000 0.000000
11  Annual_grass  0  0  50.000000  1
60  245  0.000000  143.428574  999
12.500000  -107374176.000000  -107374176.000000  0.400000  60.000000
-1
0
0.010000 0.425000 0.425000 0.140000
25.000000 35.000000 35.000000 35.000000
1500.000000 300.000000 15.000000 1.000000 0.000000
