5
115 0.100000
0.000000 0.000000 0.000000 0.000000 100.000000 0.000000 0.000000
0 1.000000 0.000000 0.000000 0.000000 0.000000
176 0.100000
0.000000 0.000000 0.000000 0.000000 80.000000 0.000000 0.000000
0 1.000000 0.000000 0.000000 0.000000 0.000000
191 0.002000
0.000000 0.000000 0.000000 0.000000 40.000000 0.000000 0.000000
0 1.000000 0.000000 0.000000 0.000000 0.000000
201 0.002000
0.000000 0.000000 0.000000 0.000000 40.000000 0.000000 0.000000
0 1.000000 0.000000 0.000000 0.000000 0.000000
305 0.002000
0.000000 0.000000 0.000000 0.000000 50.000000 0.000000 0.000000
0 1.000000 0.000000 0.000000 0.000000 0.000000
