1
Sand
0.060000 0.509400 0.331200 0.284600 0.068700 1.000000 0.000000 0.000000
1.300000 6.200000 1 0.008700 7.500000 1.500000 0.010000 0.075000 0.915000
0.000000 0.019600 0.500000 255185.171875 100.000000 25
0.524800 0.360000 1.322500 0.000000 1
10.000000 10.000000 10.000000 5.000000 25.000000 100.000000
0.000000 0.000000 0.000000 0.000000 96.904701 1065.951782
500.000000 0.000000 0.000000

0.000000 10.827909 195.540054
0.395207 0.044029 0.482395 118.814140 2029.735718
0.000000 0.000003 0.089023 0.647514 0.000000 0.000000
0.000000 0.000000 0.000000
-7.508048 0.000010 7.346856
0.000000 0.000000
1.323381 0.000000 0.000000 0.000000
0.000000 1.510083
1 0.019600 0.019600 0.008700
0.509400 0.060000 0.284600 0.068700 1.300000 6.200000
255185.171875 100.000000 0.331200
0.460000 0.010000 0.050000
4.042289 64.842781 0.000023 0.000000

0.000000 2.668223 104.870918
0.437973 0.048752 0.320171 118.288887 2030.258789
0.000000 0.079566 0.232204 0.504835 0.000013 0.000000
0.000000 0.000000 0.000000
-6.473073 0.000010 11.057358
0.000000 0.000000
0.893301 0.000000 0.000000 0.000000
0.000000 2.096326
1 0.019600 0.039200 0.008700
0.509400 0.060000 0.284600 0.068700 -431602080.000000 6.200000
255185.171875 100.000000 0.331200
0.460000 0.010000 0.050000
3.981019 4.258224 0.000000 0.000000

0.000000 1.908146 101.264099
0.527804 0.058708 0.221192 118.077957 2031.102173
0.000000 0.150573 0.351477 0.366970 0.000821 0.000000
0.000000 0.000000 0.000000
-5.457150 0.000010 9.066510
0.000000 0.000000
0.704554 0.000000 0.000000 0.000000
0.000000 2.766679
1 0.019600 0.058800 0.008700
0.509400 0.060000 0.284600 0.068700 -431602080.000000 6.200000
255185.171875 100.000000 0.331200
0.460000 0.010000 0.050000
3.926664 2.200858 0.000000 0.000000

0.000000 0.843930 80.174820
1.439396 0.160838 0.109877 115.530350 2032.710205
0.000000 0.164772 0.441687 0.312917 0.005820 0.000000
0.000000 0.000000 0.000000
-4.469402 0.000010 28.740416
0.000000 0.000000
0.000000 0.000000 0.000000 0.000000
0.000000 3.715142
1 0.019600 0.078400 0.008700
0.509400 0.060000 0.284600 0.068700 -431602080.000000 6.200000
255185.171875 100.000000 0.331200
0.460000 0.010000 0.050000
3.627059 2.067313 0.000000 0.000000

0.000000 1.024426 81.295776
1.207988 0.134529 0.139491 116.137032 2032.541626
0.000000 0.208400 0.500993 0.292802 0.040864 0.000000
0.000000 0.000000 0.000000
-3.517268 0.000010 7.368624
0.000000 0.000000
0.000000 0.000000 0.000000 0.000000
0.000000 3.502252
1 0.019600 0.098000 0.008700
0.509400 0.060000 0.284600 0.068700 -431602080.000000 6.200000
255185.171875 100.000000 0.331200
0.460000 0.010000 0.050000
3.658275 2.015643 0.000000 0.000000

0.000000 0.629235 83.075294
1.703378 0.190982 0.078217 114.357498 2033.588379
0.000000 0.203275 0.727957 0.244891 0.009348 0.000000
0.000000 0.000000 0.000000
-2.306088 0.000010 28.783451
0.000000 0.000000
0.000000 0.000000 0.000000 0.000000
0.000000 3.732248
1 0.019600 0.117600 0.008700
0.509400 0.060000 0.284600 0.068700 -431602080.000000 6.200000
255185.171875 100.000000 0.331200
0.460000 0.010000 0.050000
3.581854 2.088459 0.000021 0.000000

0.000000 0.155935 30.217255
1.407241 0.158063 0.075148 110.011108 2033.540649
0.000000 0.196087 1.026427 0.122446 0.009219 0.000000
0.000000 0.000000 0.000000
-1.309042 0.000010 28.653244
0.000000 0.000000
0.000000 0.000000 0.000000 0.000000
0.000000 2.711610
1 0.019600 0.137200 0.008700
0.509400 0.060000 0.284600 0.068700 -431602080.000000 6.200000
255185.171875 100.000000 0.331200
0.460000 0.010000 0.050000
2.992804 2.022554 0.000037 0.000000

0.000000 0.195732 30.182102
1.454054 0.163497 0.073855 109.893181 2033.590088
0.000000 0.247765 60.044594 0.061223 0.009094 0.000000
0.000000 0.000000 0.000000
-0.560859 0.000010 28.654194
0.000000 0.000000
0.000000 0.000000 0.000000 0.000000
0.000000 2.433291
1 0.019600 0.156800 0.008700
0.509400 0.060000 0.284600 0.068700 -431602080.000000 6.200000
255185.171875 100.000000 0.331200
0.460000 0.010000 0.050000
2.990615 2.024576 0.000037 0.000000

0.000000 0.193056 30.147657
1.495521 0.168323 0.072539 109.795692 2033.629761
0.000000 0.240082 60.275787 0.030611 0.008983 0.000000
0.000000 0.000000 0.000000
0.000000 0.061651 22.499870
0.000000 0.000000
0.000000 0.000000 0.000000 0.000000
0.000000 2.307416
1 0.019600 0.176400 0.008700
0.509400 0.060000 0.284600 0.068700 -431602080.000000 6.200000
255185.171875 100.000000 0.331200
0.460000 0.010000 0.050000
2.988409 2.026068 0.000736 0.000000

0.000000 0.000000 12.572672
1.368205 0.154217 0.070591 108.328888 2033.626465
0.000000 0.181905 1.267535 0.015306 0.008883 0.000000
0.000000 0.000000 0.000000
0.215024 0.286578 0.000000
223.336884 0.000000
0.000000 0.000000 0.000000 0.000000
0.000000 1.894285
1 0.019600 0.196000 0.008700
0.509400 0.060000 0.284600 0.068700 -431602080.000000 6.200000
255185.171875 100.000000 0.331200
0.460000 0.010000 0.050000
2.790928 2.002537 0.003246 0.000000

0.000000 0.000000 13.927849
1.126803 0.125752 1.224318 117.465790 2028.601807
0.000000 0.131331 0.765141 0.007653 0.008785 0.000000
0.000000 0.000000 0.000000
0.715829 0.291787 0.000000
333.374664 0.000000
0.000000 0.000000 0.000000 0.000000
0.000000 0.802171
1 0.019600 0.215600 0.007808
0.509400 0.060000 0.284600 0.068700 -431602080.000000 6.200000
255185.171875 100.000000 0.331200
0.460000 0.010000 0.050000
3.099977 1.694620 0.002790 0.000000

0.000000 0.000000 14.954696
1.136880 0.126895 8.454516 107.847321 1595.875610
0.000000 0.088887 0.270490 0.003826 0.000000 0.000000
0.000000 0.000000 0.000000
1.149209 0.287777 0.000000
389.648621 0.000000
0.000000 0.000000 0.000000 0.000000
0.000000 0.696056
1 0.019600 0.235200 0.006816
0.509400 0.060000 0.284600 0.068700 -431602080.000000 6.200000
255185.171875 100.000000 0.331200
0.460000 0.010000 0.050000
3.027685 0.788357 0.001274 0.000000

0.000000 0.000000 12.959404
0.988934 0.110408 6.913146 94.053238 1393.362671
0.000000 0.059499 0.234842 0.001913 0.000000 0.000000
0.000000 0.000000 0.000000
1.530763 0.287843 0.000000
417.765076 0.000000
0.000000 0.000000 0.000000 0.000000
0.000000 0.579225
1 0.019600 0.254800 0.005951
0.509400 0.060000 0.284600 0.068700 -431602080.000000 6.200000
255185.171875 100.000000 0.331200
0.460000 0.010000 0.050000
2.636462 0.674869 0.001090 0.000000

0.000000 0.000000 11.405533
0.872662 0.097448 6.443823 82.178040 1216.171143
0.000000 0.040102 0.201817 0.000957 0.000000 0.000000
0.000000 0.000000 0.000000
1.871129 0.287946 0.000000
431.790924 0.000000
0.000000 0.000000 0.000000 0.000000
0.000000 0.507492
1 0.019600 0.274400 0.005195
0.509400 0.060000 0.284600 0.068700 -431602080.000000 6.200000
255185.171875 100.000000 0.331200
0.460000 0.010000 0.050000
2.307332 0.592848 0.000957 0.000000

0.000000 0.000000 9.953335
0.768646 0.085850 5.900406 71.803986 1061.558228
0.000000 0.027683 0.185895 0.000478 0.000000 0.000000
0.000000 0.000000 0.000000
2.178898 0.288063 0.000000
438.767334 0.000000
0.000000 0.000000 0.000000 0.000000
0.000000 0.456328
1 0.019600 0.294000 0.004535
0.509400 0.060000 0.284600 0.068700 -431602080.000000 6.200000
255185.171875 100.000000 0.331200
0.460000 0.010000 0.050000
2.017892 0.520171 0.000840 0.000000

0.000000 0.000000 8.696772
0.672694 0.075147 5.129077 62.672546 926.714478
0.000000 0.019697 0.162338 0.000239 0.000000 0.000000
0.000000 0.000000 0.000000
2.460936 0.288190 0.000000
442.215942 0.000000
0.000000 0.000000 0.000000 0.000000
0.000000 0.411672
1 0.019600 0.313600 0.003959
0.509400 0.060000 0.284600 0.068700 -431602080.000000 6.200000
255185.171875 100.000000 0.331200
0.460000 0.010000 0.050000
1.761274 0.452297 0.000731 0.000000

0.000000 0.000000 7.564597
0.584109 0.065263 4.181712 54.645893 809.123535
0.000000 0.014362 0.143278 0.000120 0.000000 0.000000
0.000000 0.000000 0.000000
2.722696 0.288324 0.000000
443.898285 0.000000
0.000000 0.000000 0.000000 0.000000
0.000000 0.367627
1 0.019600 0.333200 0.003456
0.509400 0.060000 0.284600 0.068700 -431602080.000000 6.200000
255185.171875 100.000000 0.331200
0.460000 0.010000 0.050000
1.533530 0.388784 0.000628 0.000000

0.000000 0.000000 6.611616
0.511790 0.057192 3.683854 47.708530 706.323730
0.000000 0.010534 0.125225 0.000060 0.000000 0.000000
0.000000 0.000000 0.000000
2.967731 0.288475 0.000000
444.691864 0.000000
0.000000 0.000000 0.000000 0.000000
0.000000 0.335959
1 0.019600 0.352800 0.003017
0.509400 0.060000 0.284600 0.068700 -431602080.000000 6.200000
255185.171875 100.000000 0.331200
0.460000 0.010000 0.050000
1.339190 0.338867 0.000547 0.000000

0.000000 0.000000 5.803684
0.452122 0.050532 3.473130 41.697990 616.482300
0.000000 0.007620 0.106869 0.000030 0.000000 0.000000
0.000000 0.000000 0.000000
3.198843 0.288640 0.000000
445.037079 0.000000
0.000000 0.000000 0.000000 0.000000
0.000000 0.314566
1 0.019600 0.372400 0.002634
0.509400 0.060000 0.284600 0.068700 -431602080.000000 6.200000
255185.171875 100.000000 0.331200
0.460000 0.010000 0.050000
1.172512 0.299138 0.000483 0.000000

0.000000 0.000000 5.046815
0.392699 0.043897 2.856257 36.364994 538.247803
0.000000 0.005372 0.095124 0.000015 0.000000 0.000000
0.000000 0.000000 0.000000
3.418254 0.288804 0.000000
445.158478 0.000000
0.000000 0.000000 0.000000 0.000000
0.000000 0.285929
1 0.019600 0.392000 0.002299
0.509400 0.060000 0.284600 0.068700 -431602080.000000 6.200000
255185.171875 100.000000 0.331200
0.460000 0.010000 0.050000
1.021234 0.257473 0.000416 0.000000

0.000000 0.000000 4.410100
0.343881 0.038445 2.512897 31.747948 469.864258
0.000000 0.003657 0.082807 0.000007 0.000000 0.000000
0.000000 0.000000 0.000000
3.627704 0.288980 0.000000
445.163940 0.000000
0.000000 0.000000 0.000000 0.000000
0.000000 0.263883
1 0.019600 0.411600 0.002007
0.509400 0.060000 0.284600 0.068700 -431602080.000000 6.200000
255185.171875 100.000000 0.331200
0.460000 0.010000 0.050000
0.891771 0.224470 0.000363 0.000000

0.000000 0.000000 3.873839
0.303272 0.033909 2.340265 27.740456 410.110870
0.000000 0.002394 0.069644 0.000004 0.000000 0.000000
0.000000 0.000000 0.000000
3.828532 0.289169 0.000000
445.107788 0.000000
0.000000 0.000000 0.000000 0.000000
0.000000 0.248062
1 0.019600 0.431200 0.001752
0.509400 0.060000 0.284600 0.068700 -431602080.000000 6.200000
255185.171875 100.000000 0.331200
0.460000 0.010000 0.050000
0.780416 0.197758 0.000320 0.000000

0.000000 0.000000 3.367690
0.263578 0.029474 1.944129 24.197897 358.057404
0.000000 0.001511 0.062591 0.000002 0.000000 0.000000
0.000000 0.000000 0.000000
4.021757 0.289361 0.000000
445.019409 0.000000
0.000000 0.000000 0.000000 0.000000
0.000000 0.227971
1 0.019600 0.450800 0.001529
0.509400 0.060000 0.284600 0.068700 -431602080.000000 6.200000
255185.171875 100.000000 0.331200
0.460000 0.010000 0.050000
0.679987 0.170627 0.000276 0.000000

0.000000 0.000000 2.954502
0.232082 0.025955 1.790279 21.140045 312.531219
0.000000 0.000917 0.052508 0.000001 0.000000 0.000000
0.000000 0.000000 0.000000
4.208136 0.289568 0.000000
444.910339 0.000000
0.000000 0.000000 0.000000 0.000000
0.000000 0.214416
1 0.019600 0.470400 0.001335
0.509400 0.060000 0.284600 0.068700 -431602080.000000 6.200000
255185.171875 100.000000 0.331200
0.460000 0.010000 0.050000
0.594822 0.149993 0.000243 0.000000

0.000000 0.000000 2.569549
0.201910 0.022583 1.503210 18.444008 272.855988
0.000000 0.000538 0.047262 0.000000 0.000000 0.000000
0.000000 0.000000 0.000000
4.388223 0.289783 0.000000
444.788696 0.000000
0.000000 0.000000 0.000000 0.000000
0.000000 0.198659
1 0.019600 0.490000 0.001166
0.509400 0.060000 0.284600 0.068700 -431602080.000000 6.200000
255185.171875 100.000000 0.331200
0.460000 0.010000 0.050000
0.518487 0.129730 0.000210 0.000000
1.000000
9.990000
3.600000 0.000000
0.000062
0
-9.990000
0 0
1.000000
0
-431602080.000000
1.000000
1.000000
1.000000
0.000000 -431602080.000000 0.000000
0.000000 0.000000
0.000000 0.000000 0.000000 0.000000 0.000000 0.000000 0.000000
0.000000 0.000000 0.000000 0.000000 0.000000 0.000000 0.000000
226
