2
Loamy_sand
0.060000 0.509000 0.331000 0.285000 0.069000 1.000000 0.000000 0.000000
1.381587 6.200000 1 0.009000 7.500000 1.500000 0.010000 0.075000 0.915000
0.000000 0.019600 0.500000 255402.734375 100.000000 25
0.524800 0.360000 1.322500 0.000000 1
10.000000 10.000000 10.000000 5.000000 25.000000 100.000000
0.000000 0.000000 0.000000 0.000000 0.000000 0.000000
500.000000 0.000000 0.000000

0.000000 13.179441 367.669586
0.681112 0.075861 5.489548 106.090073 1860.666260
0.000000 3.466100 0.102335 0.225194 0.000000 0.000000
0.000000 0.000000 0.000000
-6.677374 0.000010 2.287967
0.000000 0.000000
1.521263 0.000000 0.000000 0.000000
0.000000 1.156664
2 0.019600 0.019600 0.009000
0.509000 0.060000 0.285000 0.069000 1.381587 6.200000
255402.734375 100.000000 0.331000
0.090000 0.004500 0.003000
6.406174 2.278177 0.000000 0.000000

0.000000 9.517716 366.065674
2.212096 0.246533 3.700295 108.402931 1861.734863
0.000000 8.808582 0.356268 0.565545 0.000000 0.000000
0.000000 0.000000 0.000000
-3.641224 0.000010 5.160275
0.000000 0.000000
0.000000 0.000000 0.000000 0.000000
0.000000 1.637836
2 0.019600 0.039200 0.009000
0.509000 0.060000 0.285000 0.069000 1.381765 6.200000
255402.734375 100.000000 0.331000
0.090000 0.004500 0.003000
6.306658 2.377883 0.000000 0.000000

0.000000 4.511796 351.325897
2.184155 0.243594 1.556022 112.261238 1863.670288
0.000000 9.519295 0.064537 0.227487 0.000000 0.000000
0.000000 0.000000 0.000000
-1.156144 0.000010 11.526467
0.000000 0.000000
0.000000 0.000000 0.000000 0.000000
0.000000 1.750857
2 0.019600 0.058800 0.009000
0.509000 0.060000 0.285000 0.069000 1.382890 6.200000
255402.734375 100.000000 0.331000
0.090000 0.004500 0.003000
6.095481 2.587534 0.000025 0.000000

0.000000 1.404265 332.449432
6.339698 0.716332 0.373289 111.253754 1866.375244
0.000000 6.153019 0.182596 0.186905 0.000000 0.000000
0.000000 0.000000 0.000000
0.618027 0.262256 0.000000
230.950699 0.000000
0.000000 0.000000 0.000000 0.000000
0.000000 3.995434
2 0.019600 0.078400 0.009000
0.509000 0.060000 0.285000 0.069000 1.384021 6.200000
255402.734375 100.000000 0.331000
0.090000 0.004500 0.003000
5.778971 2.898207 0.004337 0.000000

0.000000 1.098115 328.903412
7.354118 0.833754 0.276637 110.638710 1866.973999
0.000000 2.704347 0.069778 0.082979 0.000000 0.000000
0.000000 0.000000 0.000000
1.887223 0.279935 0.000000
340.891846 0.000000
0.000000 0.000000 0.000000 0.000000
0.000000 4.262624
2 0.019600 0.098000 0.009000
0.509000 0.060000 0.285000 0.069000 1.384290 6.200000
255402.734375 100.000000 0.331000
0.090000 0.004500 0.003000
5.715869 2.963346 0.004775 0.000000

0.000000 0.931269 330.464081
8.114995 0.922175 0.225875 109.851784 1867.338013
0.000000 0.694791 0.000010 0.024514 0.000000 0.000000
0.000000 0.000000 0.000000
2.821774 0.283920 0.000000
394.614746 0.000000
0.000000 0.000000 0.000000 0.000000
0.000000 4.146100
2 0.019600 0.117600 0.009000
0.509000 0.060000 0.285000 0.069000 1.384206 6.200000
255402.734375 100.000000 0.331000
0.090000 0.004500 0.003000
5.674442 3.004781 0.004939 0.000000

0.000000 0.796583 334.494049
6.568513 0.749341 0.186863 109.412048 1867.666260
0.000000 0.000000 0.000007 0.012258 0.000000 0.000000
0.000000 0.000000 0.000000
3.561306 0.284923 0.000000
421.162109 0.000000
0.000000 0.000000 0.000000 0.000000
0.000000 3.019766
2 0.019600 0.137200 0.009000
0.509000 0.060000 0.285000 0.069000 1.384307 6.200000
255402.734375 100.000000 0.331000
0.090000 0.004500 0.003000
5.635635 3.043411 0.005040 0.000000

0.000000 0.894811 343.837402
3.256258 0.373918 0.161948 108.943184 1867.896240
0.000000 0.000000 0.000003 0.006129 0.000000 0.000000
0.000000 0.000000 0.000000
4.183519 0.286744 0.000000
433.865723 0.000000
0.000000 0.000000 0.000000 0.000000
0.000000 1.497521
2 0.019600 0.156800 0.009000
0.509000 0.060000 0.285000 0.069000 1.384385 6.200000
255402.734375 100.000000 0.331000
0.090000 0.004500 0.003000
5.606817 3.072156 0.005136 0.000000

0.000000 1.100508 344.367645
2.922408 0.336251 0.144335 108.661667 1868.083008
0.000000 0.000000 0.000003 0.003065 0.000000 0.000000
0.000000 0.000000 0.000000
4.726607 0.286600 0.000000
440.262665 0.000000
0.000000 0.000000 0.000000 0.000000
0.000000 1.191283
2 0.019600 0.176400 0.009000
0.509000 0.060000 0.285000 0.069000 1.384452 6.200000
255402.734375 100.000000 0.331000
0.090000 0.004500 0.003000
5.583660 3.095256 0.005186 0.000000

0.000000 1.390320 344.549103
2.783509 0.320773 0.130994 108.331512 1868.233398
0.000000 0.000000 0.000001 0.001532 0.000000 0.000000
0.000000 0.000000 0.000000
5.209146 0.286112 0.000000
443.613800 0.000000
0.000000 0.000000 0.000000 0.000000
0.000000 1.086608
2 0.019600 0.196000 0.009000
0.509000 0.060000 0.285000 0.069000 1.384506 6.200000
255402.734375 100.000000 0.331000
0.090000 0.004500 0.003000
5.564463 3.114404 0.005220 0.000000

0.000000 3.754517 350.006622
1.913144 0.213242 1.119341 113.198318 1864.508911
0.000000 0.005659 0.196444 0.007659 0.000000 0.000000
0.000000 0.000000 0.000000
5.642042 0.027213 0.000000
526.338013 0.000000
0.000000 0.000000 0.000000 0.000000
0.000000 0.515793
2 0.019600 0.215600 0.008078
0.509000 0.060000 0.285000 0.069000 1.382982 6.200000
255402.734375 100.000000 0.331000
0.090000 0.004500 0.003000
6.021276 2.666382 0.000417 0.000000

0.000000 2.554871 344.950409
3.213766 0.360567 0.670507 112.546425 1865.477173
0.000000 0.000000 0.000001 0.000384 0.000000 0.000000
0.000000 0.000000 0.000000
6.033196 0.047039 0.000000
561.493530 0.000000
0.000000 0.000000 0.000000 0.000000
0.000000 0.539479
2 0.019600 0.235200 0.007051
0.509000 0.060000 0.285000 0.069000 1.383391 6.200000
255402.734375 100.000000 0.331000
0.090000 0.004500 0.003000
5.905937 2.777347 0.000758 0.000000

0.000000 1.817580 344.813324
2.943677 0.333526 0.392243 111.416389 1866.427002
0.000000 0.000000 0.000000 0.000192 0.000000 0.000000
0.000000 0.000000 0.000000
6.385040 0.086957 0.000000
566.574951 0.000000
0.000000 0.000000 0.000000 0.000000
0.000000 0.616297
2 0.019600 0.254800 0.006156
0.509000 0.060000 0.285000 0.069000 1.383790 6.200000
255402.734375 100.000000 0.331000
0.090000 0.004500 0.003000
5.789912 2.892389 0.001471 0.000000

0.000000 1.740533 344.752411
2.842270 0.324491 0.258742 110.223137 1867.132080
0.000000 0.000000 0.000003 0.000097 0.000000 0.000000
0.000000 0.000000 0.000000
6.700225 0.136182 0.000000
553.705872 0.000000
0.000000 0.000000 0.000000 0.000000
0.000000 0.701094
2 0.019600 0.274400 0.005374
0.509000 0.060000 0.285000 0.069000 1.384088 6.200000
255402.734375 100.000000 0.331000
0.090000 0.004500 0.003000
5.702625 2.978841 0.002383 0.000000

0.000000 1.851021 344.892029
2.731608 0.313459 0.192907 109.302155 1867.615479
0.000000 0.000000 0.000003 0.000049 0.000000 0.000000
0.000000 0.000000 0.000000
6.980948 0.181912 0.000000
532.955261 0.000000
0.000000 0.000000 0.000000 0.000000
0.000000 0.752056
2 0.019600 0.294000 0.004691
0.509000 0.060000 0.285000 0.069000 1.384290 6.200000
255402.734375 100.000000 0.331000
0.090000 0.004500 0.003000
5.642343 3.038344 0.003255 0.000000

0.000000 15.687881 364.798889
3.042414 0.340464 6.747352 106.694824 1860.098511
0.000000 0.010989 0.685238 0.000239 0.000000 0.000000
0.000000 0.000000 0.000000
7.228989 0.292627 0.000000
487.920654 0.000000
0.000000 0.000000 0.000000 0.000000
0.000000 0.939417
2 0.019600 0.313600 0.004095
0.509000 0.060000 0.285000 0.069000 1.381242 6.200000
255402.734375 100.000000 0.331000
0.090000 0.004500 0.003000
6.455178 2.226109 0.003687 0.000000

0.000000 0.000000 5.899825
0.503215 0.056464 2.965490 44.877731 842.231384
0.000000 0.016545 0.026915 0.000120 0.000000 0.000000
0.000000 0.000000 0.000000
7.445125 0.293788 0.000000
465.039917 0.000000
0.000000 0.000000 0.000000 0.000000
0.000000 0.252656
2 0.019600 0.333200 0.003575
0.509000 0.060000 0.285000 0.069000 1.504508 6.200000
255402.734375 100.000000 0.331000
0.090000 0.004500 0.003000
1.411810 0.307625 0.000505 0.000000

0.000000 0.000000 5.157824
0.440887 0.049472 2.622251 39.254467 735.197449
0.000000 0.012069 0.023582 0.000060 0.000000 0.000000
0.000000 0.000000 0.000000
7.634722 0.293991 0.000000
453.536072 0.000000
0.000000 0.000000 0.000000 0.000000
0.000000 0.170308
2 0.019600 0.352800 0.003121
0.509000 0.060000 0.285000 0.069000 1.515996 6.200000
255402.734375 100.000000 0.331000
0.090000 0.004500 0.003000
1.233984 0.251972 0.000414 0.000000

0.000000 0.000000 4.508806
0.386175 0.043334 2.318434 34.335121 641.767822
0.000000 0.006083 0.020666 0.000030 0.000000 0.000000
0.000000 0.000000 0.000000
7.799802 0.294112 0.000000
447.746338 0.000000
0.000000 0.000000 0.000000 0.000000
0.000000 0.140092
2 0.019600 0.372400 0.002724
0.509000 0.060000 0.285000 0.069000 1.526169 6.200000
255402.734375 100.000000 0.331000
0.090000 0.004500 0.003000
1.078537 0.218483 0.000359 0.000000

0.000000 0.000000 3.946685
0.338272 0.037958 2.050321 30.037140 560.211121
0.000000 0.002387 0.018175 0.000015 0.000000 0.000000
0.000000 0.000000 0.000000
7.941696 0.294217 0.000000
444.818542 0.000000
0.000000 0.000000 0.000000 0.000000
0.000000 0.124791
2 0.019600 0.392000 0.002378
0.509000 0.060000 0.285000 0.069000 1.535162 6.200000
255402.734375 100.000000 0.331000
0.090000 0.004500 0.003000
0.942752 0.190310 0.000313 0.000000

0.000000 0.000000 3.452434
0.296237 0.033241 1.812927 26.275787 489.015625
0.000000 0.000777 0.016162 0.000007 0.000000 0.000000
0.000000 0.000000 0.000000
8.061587 0.294311 0.000000
443.325378 0.000000
0.000000 0.000000 0.000000 0.000000
0.000000 0.114288
2 0.019600 0.411600 0.002076
0.509000 0.060000 0.285000 0.069000 1.543102 6.200000
255402.734375 100.000000 0.331000
0.090000 0.004500 0.003000
0.824029 0.165851 0.000273 0.000000

0.000000 0.000000 3.019692
0.259339 0.029101 1.602674 22.980564 426.870819
0.000000 0.000218 0.014353 0.000004 0.000000 0.000000
0.000000 0.000000 0.000000
8.160554 0.294391 0.000000
442.553650 0.000000
0.000000 0.000000 0.000000 0.000000
0.000000 0.105730
2 0.019600 0.431200 0.001812
0.509000 0.060000 0.285000 0.069000 1.550101 6.200000
255402.734375 100.000000 0.331000
0.090000 0.004500 0.003000
0.720188 0.144517 0.000238 0.000000

0.000000 0.000000 2.642151
0.227028 0.025474 1.416979 20.099424 372.622833
0.000000 0.000054 0.012726 0.000002 0.000000 0.000000
0.000000 0.000000 0.000000
8.239557 0.294455 0.000000
442.147644 0.000000
0.000000 0.000000 0.000000 0.000000
0.000000 0.098209
2 0.019600 0.450800 0.001582
0.509000 0.060000 0.285000 0.069000 1.556263 6.200000
255402.734375 100.000000 0.331000
0.090000 0.004500 0.003000
0.629448 0.126004 0.000207 0.000000

0.000000 0.000000 2.313958
0.198735 0.022299 1.253126 17.579271 325.269257
0.000000 0.000012 0.011298 0.000001 0.000000 0.000000
0.000000 0.000000 0.000000
8.299513 0.294500 0.000000
441.930603 0.000000
0.000000 0.000000 0.000000 0.000000
0.000000 0.091411
2 0.019600 0.470400 0.001381
0.509000 0.060000 0.285000 0.069000 1.561683 6.200000
255402.734375 100.000000 0.331000
0.090000 0.004500 0.003000
0.550147 0.109889 0.000181 0.000000

0.000000 0.000000 2.036966
0.174579 0.019588 1.112638 15.428079 283.911072
0.000000 0.000002 0.010044 0.000000 0.000000 0.000000
0.000000 0.000000 0.000000
8.341220 0.294519 0.000000
441.815979 0.000000
0.000000 0.000000 0.000000 0.000000
0.000000 0.085339
2 0.019600 0.490000 0.001206
0.509000 0.060000 0.285000 0.069000 1.566440 6.200000
255402.734375 100.000000 0.331000
0.090000 0.004500 0.003000
0.481544 0.096586 0.000159 0.000000
1.000000
9.990000
3.500000 0.000000
0.030880
0
-9.990000
0 0
1.000000
0
-431602080.000000
1.000000
1.000000
1.000000
0.000000 -431602080.000000 0.000000
0.000000 0.000000
0.000000 0.000000 0.000000 0.000000 0.000000 0.000000 0.000000
0.000000 0.000000 0.000000 0.000000 0.000000 0.000000 0.000000
956
