  2
Loamy_sand

0.0600  0.5090  0.3310  0.2850  0.0690  1.0000
0.000000 0.000000 1.300000 6.200000 1  0.009000
7.5000  1.5000  0.0100  0.0750  0.9150  0.0000
0.0196  0.5000  255402.7344  100.0000  25
0.5248  0.3600
1.3225  0.0000  1  10.0000  10.0000  10.0000  5.0000
25.0000  100.0000 0.0000  0.0000  0.0000  0.0000
0.0000  0.0000
500.0000  0.0000  0.0000

1.000000
9.990000
3.500000 0.000000
0.285000
0.069000
0.200000 2.000000
0.000000 0.000000 22.986245 172.396845 2103.241476 0.000000 1.915521 0.268173 0.114931
3.215385
1.000000
0
0.000000
1.000000
1.000000
1.000000
10.000000
10.000000
