2
Loamy_sand
0.060000 0.509000 0.331000 0.285000 0.069000 1.000000 0.000000 0.000000
1.365678 6.200000 1 0.009000 7.500000 1.500000 0.010000 0.075000 0.915000
0.000000 0.019600 0.500000 255402.734375 100.000000 25
0.524800 0.360000 1.322500 0.000000 1
10.000000 10.000000 10.000000 5.000000 25.000000 100.000000
0.000000 0.000000 0.000000 0.000000 0.000000 0.000000
500.000000 0.000000 0.000000

0.000000 15.755263 273.280914
0.616913 0.068702 4.710978 99.387878 1851.761108
0.000000 2.397731 0.092664 0.209813 0.000000 0.000000
0.000000 0.000000 0.000000
-6.676490 0.000010 2.449696
0.000000 0.000000
1.377308 0.000000 0.000000 0.000000
0.000000 0.962096
2 0.019600 0.019600 0.009000
0.509000 0.060000 0.285000 0.069000 1.365678 6.200000
255402.734375 100.000000 0.331000
0.090000 0.004500 0.003000
4.962579 1.751627 0.000000 0.000000

0.000000 11.563807 272.330719
1.995870 0.222412 3.237085 101.434258 1852.677490
0.000000 6.995931 0.000000 0.338532 0.000000 0.000000
0.000000 0.000000 0.000000
-3.640598 0.000010 5.382613
0.000000 0.000000
0.000000 0.000000 0.000000 0.000000
0.000000 1.415373
2 0.019600 0.039200 0.009000
0.509000 0.060000 0.285000 0.069000 1.374269 6.200000
255402.734375 100.000000 0.331000
0.090000 0.004500 0.003000
4.889244 1.825174 0.000000 0.000000

0.000000 5.706078 261.826599
1.838434 0.204961 1.425156 104.719368 1854.359009
0.000000 9.342366 0.165310 0.276531 0.000000 0.000000
0.000000 0.000000 0.000000
-1.166263 0.000010 7.059108
0.000000 0.000000
0.000000 0.000000 0.000000 0.000000
0.000000 1.345828
2 0.019600 0.058800 0.009000
0.509000 0.060000 0.285000 0.069000 1.374594 6.200000
255402.734375 100.000000 0.331000
0.090000 0.004500 0.003000
4.734136 1.978965 0.000009 0.000000

0.000000 1.889790 248.480148
4.960344 0.559842 0.368518 103.641304 1856.753418
0.000000 7.946929 1.484710 0.820618 0.000000 0.000000
0.000001 0.000000 0.000000
0.619609 0.272795 0.000000
227.651382 0.000000
0.000000 0.000000 0.000000 0.000000
0.000000 3.165638
2 0.019600 0.078400 0.009000
0.509000 0.060000 0.285000 0.069000 1.376314 6.200000
255402.734375 100.000000 0.331000
0.090000 0.004500 0.003000
4.500811 2.207793 0.003419 0.000000

0.000000 1.356641 244.850769
5.984985 0.678486 0.245454 102.868095 1857.478027
0.000000 5.041526 1.843005 0.490195 0.000000 0.000000
0.000001 0.000000 0.000000
1.888072 0.280878 0.000000
338.946808 0.000000
0.000000 0.000000 0.000000 0.000000
0.000000 3.448362
2 0.019600 0.098000 0.009000
0.509000 0.060000 0.285000 0.069000 1.376336 6.200000
255402.734375 100.000000 0.331000
0.090000 0.004500 0.003000
4.434429 2.275632 0.003653 0.000000

0.000000 1.121616 245.766983
6.646875 0.755559 0.194209 102.106094 1857.869141
0.000000 2.616900 2.019141 0.245098 0.000000 0.000000
0.000000 0.000000 0.000000
2.821004 0.282757 0.000000
394.006348 0.000000
0.000000 0.000000 0.000000 0.000000
0.000000 3.389587
2 0.019600 0.117600 0.009000
0.509000 0.060000 0.285000 0.069000 1.375942 6.200000
255402.734375 100.000000 0.331000
0.090000 0.004500 0.003000
4.397248 2.313022 0.003754 0.000000

0.000000 0.979102 244.362350
7.100346 0.808728 0.164718 101.710228 1858.137451
0.000000 1.224061 2.064616 0.122549 0.000000 0.000000
0.000000 0.000000 0.000000
3.558126 0.281173 0.000000
422.032074 0.000000
0.000000 0.000000 0.000000 0.000000
0.000000 3.253930
2 0.019600 0.137200 0.009000
0.509000 0.060000 0.285000 0.069000 1.381114 6.200000
255402.734375 100.000000 0.331000
0.090000 0.004500 0.003000
4.371144 2.339138 0.003788 0.000000

0.000000 1.064959 243.119720
7.546665 0.861052 0.142055 101.243240 1858.356079
0.000000 0.580419 2.055186 0.061274 0.000000 0.000000
0.000000 0.000000 0.000000
4.177499 0.283847 0.000000
435.207642 0.000000
0.000000 0.000000 0.000000 0.000000
0.000000 3.186904
2 0.019600 0.156800 0.009000
0.509000 0.060000 0.285000 0.069000 1.381114 6.200000
255402.734375 100.000000 0.331000
0.090000 0.004500 0.003000
4.348094 2.362081 0.003870 0.000000

0.000000 0.980411 242.189758
7.844161 0.896200 0.127181 100.976944 1858.523193
0.000000 0.326652 2.026601 0.030637 0.000000 0.000000
0.000000 0.000000 0.000000
4.717149 0.284052 0.000000
441.731476 0.000000
0.000000 0.000000 0.000000 0.000000
0.000000 3.095857
2 0.019600 0.176400 0.009000
0.509000 0.060000 0.285000 0.069000 1.381119 6.200000
255402.734375 100.000000 0.331000
0.090000 0.004500 0.003000
4.330857 2.379285 0.003909 0.000000

0.000000 0.917085 241.442978
8.076476 0.923728 0.116316 100.767258 1858.656006
0.000000 0.234026 2.001722 0.015319 0.000000 0.000000
0.000000 0.000000 0.000000
5.195631 0.284066 0.000000
444.988953 0.000000
0.000000 0.000000 0.000000 0.000000
0.000000 3.014193
2 0.019600 0.196000 0.009000
0.509000 0.060000 0.285000 0.069000 1.382851 6.200000
255402.734375 100.000000 0.331000
0.090000 0.004500 0.003000
4.317019 2.393085 0.003939 0.000000

0.000000 4.744653 260.859070
1.728321 0.192660 1.025018 105.283768 1855.151855
0.000000 0.236634 2.930444 0.007659 0.000000 0.000000
0.000000 0.000000 0.000000
5.623910 0.025800 0.000000
527.467834 0.000000
0.000000 0.000000 0.000000 0.000000
0.000000 0.628774
2 0.019600 0.215600 0.008078
0.509000 0.060000 0.285000 0.069000 1.382310 6.200000
255402.734375 100.000000 0.331000
0.090000 0.004500 0.003000
4.676738 2.040591 0.000300 0.000000

0.000000 3.215466 256.106110
3.130216 0.350777 0.616722 104.666733 1856.041626
0.000000 0.226215 2.721429 0.003830 0.000000 0.000000
0.000000 0.000000 0.000000
6.009978 0.048715 0.000000
561.533691 0.000000
0.000000 0.000000 0.000000 0.000000
0.000000 0.771216
2 0.019600 0.235200 0.007051
0.509000 0.060000 0.285000 0.069000 1.420957 6.200000
255402.734375 100.000000 0.331000
0.090000 0.004500 0.003000
4.587924 2.125486 0.000596 0.000000

0.000000 2.114093 251.102173
4.747964 0.535416 0.354525 103.590599 1856.948975
0.000000 0.212485 2.486396 0.001915 0.000000 0.000000
0.000000 0.000000 0.000000
6.357275 0.089596 0.000000
565.768860 0.000000
0.000000 0.000000 0.000000 0.000000
0.000000 1.191613
2 0.019600 0.254800 0.006156
0.509000 0.060000 0.285000 0.069000 1.441454 6.200000
255402.734375 100.000000 0.331000
0.090000 0.004500 0.003000
4.494901 2.217667 0.001150 0.000000

0.000000 1.512027 247.167297
6.146851 0.697118 0.226922 102.460541 1857.649780
0.000000 0.200200 2.296569 0.000957 0.000000 0.000000
0.000000 0.000000 0.000000
6.668910 0.138637 0.000000
552.534241 0.000000
0.000000 0.000000 0.000000 0.000000
0.000000 1.639223
2 0.019600 0.274400 0.005374
0.509000 0.060000 0.285000 0.069000 1.459830 6.200000
255402.734375 100.000000 0.331000
0.090000 0.004500 0.003000
4.422278 2.289635 0.001843 0.000000

0.000000 1.192487 244.416061
7.165397 0.816130 0.165177 101.568558 1858.132568
0.000000 0.191261 2.163150 0.000479 0.000000 0.000000
0.000000 0.000000 0.000000
6.947443 0.184321 0.000000
531.615356 0.000000
0.000000 0.000000 0.000000 0.000000
0.000000 2.010593
2 0.019600 0.294000 0.004691
0.509000 0.060000 0.285000 0.069000 1.476257 6.200000
255402.734375 100.000000 0.331000
0.090000 0.004500 0.003000
4.371771 2.339570 0.002509 0.000000

0.000000 18.974354 271.365814
2.586794 0.289517 5.845515 99.414688 1851.219116
0.000000 0.217835 3.301487 0.000239 0.000000 0.000000
0.000000 0.000000 0.000000
7.194936 0.292853 0.000000
487.179962 0.000000
0.000000 0.000000 0.000000 0.000000
0.000000 0.897814
2 0.019600 0.313600 0.004095
0.509000 0.060000 0.285000 0.069000 1.490902 6.200000
255402.734375 100.000000 0.331000
0.090000 0.004500 0.003000
5.003201 1.708773 0.002823 0.000000

0.000000 0.000000 6.842266
0.567305 0.063655 3.266765 50.667011 840.166626
0.000000 0.214675 0.040847 0.000120 0.000000 0.000000
0.000000 0.000000 0.000000
7.412479 0.293988 0.000000
464.606934 0.000000
0.000000 0.000000 0.000000 0.000000
0.000000 0.270410
2 0.019600 0.333200 0.003575
0.509000 0.060000 0.285000 0.069000 1.503926 6.200000
255402.734375 100.000000 0.331000
0.090000 0.004500 0.003000
1.471121 0.323449 0.000532 0.000000

0.000000 0.000000 5.979530
0.496652 0.055729 2.888971 44.276546 733.407776
0.000000 0.173535 0.035000 0.000060 0.000000 0.000000
0.000000 0.000000 0.000000
7.603399 0.294180 0.000000
453.260376 0.000000
0.000000 0.000000 0.000000 0.000000
0.000000 0.182241
2 0.019600 0.352800 0.003121
0.509000 0.060000 0.285000 0.069000 1.515483 6.200000
255402.734375 100.000000 0.331000
0.090000 0.004500 0.003000
1.285284 0.278152 0.000457 0.000000

0.000000 0.000000 5.225549
0.434677 0.048776 2.554520 38.691013 640.213074
0.000000 0.117879 0.029992 0.000030 0.000000 0.000000
0.000000 0.000000 0.000000
7.769726 0.294293 0.000000
447.551758 0.000000
0.000000 0.000000 0.000000 0.000000
0.000000 0.149830
2 0.019600 0.372400 0.002724
0.509000 0.060000 0.285000 0.069000 1.525718 6.200000
255402.734375 100.000000 0.331000
0.090000 0.004500 0.003000
1.122906 0.242118 0.000398 0.000000

0.000000 0.000000 4.570562
0.380442 0.042690 2.258451 33.816864 558.861816
0.000000 0.069456 0.025645 0.000015 0.000000 0.000000
0.000000 0.000000 0.000000
7.912815 0.294391 0.000000
444.666748 0.000000
0.000000 0.000000 0.000000 0.000000
0.000000 0.132966
2 0.019600 0.392000 0.002378
0.509000 0.060000 0.285000 0.069000 1.534766 6.200000
255402.734375 100.000000 0.331000
0.090000 0.004500 0.003000
0.981123 0.211059 0.000347 0.000000

0.000000 0.000000 3.994932
0.332891 0.037354 1.996376 29.555355 487.844360
0.000000 0.036498 0.022056 0.000007 0.000000 0.000000
0.000000 0.000000 0.000000
8.033866 0.294479 0.000000
443.196686 0.000000
0.000000 0.000000 0.000000 0.000000
0.000000 0.121236
2 0.019600 0.411600 0.002076
0.509000 0.060000 0.285000 0.069000 1.542754 6.200000
255402.734375 100.000000 0.331000
0.090000 0.004500 0.003000
0.857211 0.184017 0.000303 0.000000

0.000000 0.000000 3.491127
0.291179 0.032673 1.763946 25.825735 425.855316
0.000000 0.017474 0.019014 0.000004 0.000000 0.000000
0.000000 0.000000 0.000000
8.133950 0.294555 0.000000
442.437866 0.000000
0.000000 0.000000 0.000000 0.000000
0.000000 0.111743
2 0.019600 0.431200 0.001812
0.509000 0.060000 0.285000 0.069000 1.549796 6.200000
255402.734375 100.000000 0.331000
0.090000 0.004500 0.003000
0.748877 0.160387 0.000264 0.000000

0.000000 0.000000 3.051737
0.254679 0.028577 1.558871 22.567307 371.742584
0.000000 0.007750 0.016465 0.000002 0.000000 0.000000
0.000000 0.000000 0.000000
8.214033 0.294616 0.000000
442.039368 0.000000
0.000000 0.000000 0.000000 0.000000
0.000000 0.103491
2 0.019600 0.450800 0.001582
0.509000 0.060000 0.285000 0.069000 1.555997 6.200000
255402.734375 100.000000 0.331000
0.090000 0.004500 0.003000
0.654248 0.139858 0.000230 0.000000

0.000000 0.000000 2.669900
0.222737 0.024992 1.377728 19.719303 324.505096
0.000000 0.003227 0.014342 0.000001 0.000000 0.000000
0.000000 0.000000 0.000000
8.275001 0.294659 0.000000
441.826752 0.000000
0.000000 0.000000 0.000000 0.000000
0.000000 0.096071
2 0.019600 0.470400 0.001381
0.509000 0.060000 0.285000 0.069000 1.561450 6.200000
255402.734375 100.000000 0.331000
0.090000 0.004500 0.003000
0.571576 0.121957 0.000201 0.000000

0.000000 0.000000 2.347582
0.195470 0.021931 1.222304 17.289154 283.246948
0.000000 0.001273 0.012578 0.000000 0.000000 0.000000
0.000000 0.000000 0.000000
8.317668 0.294677 0.000000
441.714600 0.000000
0.000000 0.000000 0.000000 0.000000
0.000000 0.089446
2 0.019600 0.490000 0.001206
0.509000 0.060000 0.285000 0.069000 1.566237 6.200000
255402.734375 100.000000 0.331000
0.090000 0.004500 0.003000
0.500075 0.107293 0.000177 0.000000
1.000000
9.990000
3.500000 0.000000
0.038262
0
-9.990000
0 0
1.000000
0
-431602080.000000
1.000000
1.000000
1.000000
0.000000 -431602080.000000 0.000000
0.000000 0.000000
0.000000 0.000000 0.000000 0.000000 0.000000 0.000000 0.000000
0.000000 0.000000 0.000000 0.000000 0.000000 0.000000 0.000000
591
