Wright_County_Iowa
1      -4.0     -17.3      0.00
2      -8.9     -18.4      0.00
3     -15.0     -23.4      0.00
4      -0.2     -19.9      0.00
5       6.6     -12.8      0.00
6     -12.8     -25.0      0.00
7      -1.0     -25.6      0.00
8       6.3      -4.0      0.00
9      -3.0     -20.1      0.00
10    -16.5     -21.5      0.00
11    -12.6     -19.1      0.00
12    -15.0     -23.5      0.00
13    -15.9     -29.7      0.00
14     -7.7     -25.1      0.00
15     -9.0     -19.1      0.00
16     -2.0     -17.9      0.00
17     -3.2     -21.7      0.00
18     -7.3     -16.2      0.00
19     -7.1     -15.0      0.00
20     -5.9     -15.8      0.00
21     -0.5      -6.3      0.00
22     -2.7     -13.4      0.00
23     -5.6     -15.0      0.00
24     -2.5     -12.3      0.00
25      1.7      -5.9      0.00
26      5.9      -3.9      0.00
27      3.4      -1.3      0.00
28     -1.0      -5.7      0.00
29      1.0      -3.0      0.00
30      2.0      -1.0      0.00
31      1.6      -4.4      0.00
32     -4.0      -9.5      0.00
33      0.0      -6.0      0.00
34     -8.0     -23.0      0.00
35     -7.0     -27.0      0.00
36     -1.0      -6.0      0.00
37      0.0      -5.0      0.00
38     -3.0     -17.0      0.00
39     -3.0     -16.0      0.00
40     -1.0      -7.0      0.00
41     -6.0     -14.0      0.00
42     -2.0     -10.0      0.00
43     -6.0     -14.0      0.00
44     -2.0     -13.0      0.00
45     -9.0     -22.0      0.00
46    -10.0     -27.0      0.00
47     -4.0     -16.0      0.00
48     -2.0     -13.0      0.00
49      5.0      -4.0      0.00
50      4.0      -2.0      0.00
51      1.0      -1.0      0.00
52      2.0      -4.0      0.00
53      2.0      -4.0      0.00
54      2.0       0.0      0.00
55      2.0      -2.0      0.00
56      1.0      -7.0      0.00
57      4.0      -7.0      0.00
58      5.0      -2.0      0.00
59      8.0      -4.8      0.00
60     -7.9     -19.5      0.00
61     -3.9     -19.5      0.00
62      2.7     -10.0      0.00
63      1.6      -8.4      0.00
64     -2.3      -6.7      0.00
65     -3.9     -11.2      0.00
66    -10.6     -20.6      0.00
67    -12.3     -22.3      0.00
68     -2.8     -19.5      0.00
69      6.6      -2.8      0.00
70     13.3       4.4      0.00
71     14.4       6.6      0.00
72     12.2       5.5      0.00
73     13.3       1.1      0.00
74     17.2      -1.2      0.00
75     20.5       3.3      0.00
76     13.8       0.5      0.00
77      6.1       3.3      0.00
78      7.2       0.0      0.00
79      6.6       0.5      0.00
80      9.4      -2.3      0.00
81      7.2       0.5      0.00
82      6.6       2.2      0.00
83     10.5       0.5      0.00
84      5.5       1.6      0.00
85      7.7       5.0      0.00
86      5.5       0.5      0.00
87      2.2       0.0      0.00
88      2.7      -1.7      0.00
89     -1.2      -2.3      0.00
90      1.6      -2.8      0.00
91      7.2      -2.3      0.00
92     20.5      -0.6      0.00
93     16.1     -10.0      0.00
94     -1.2     -12.8      0.00
95     15.5      -2.8      0.00
96      9.4       0.5      0.00
97      4.4       0.0      0.00
98      2.7       1.1      0.00
99      1.1      -2.3      0.00
100    -0.6      -2.3      0.00
101     0.5      -0.6      0.00
102     2.2      -0.6      0.00
103    13.8      -0.6      0.00
104    13.3       2.7      0.00
105     8.8       5.5      0.00
106     5.5       2.2      0.00
107     6.6       2.7      0.00
108     6.6       1.1      0.00
109    11.1       0.5      0.00
110     5.5       0.5      0.00
111    10.0       0.5      0.00
112    13.3       0.5      0.00
113    16.6      -0.6      0.00
114    11.1       3.3      0.00
115    16.6       1.6      0.00
116    10.0       0.5      0.00
117    12.7      -1.7      0.00
118    16.6      -0.6      0.00
119    11.1       6.6      0.00
120    12.2       5.0      0.00
121    13.0      -1.0      0.00
122    11.0       0.0      0.00
123    16.0      -3.0      0.00
124    18.0       3.0      0.00
125    26.0      -1.0      0.00
126    22.0      11.0      0.00
127    18.0       6.0      0.00
128    18.0       6.0      0.00
129    29.0      12.0      0.00
130    23.0      12.0      0.00
131    25.0       9.0      0.00
132    26.0      11.0      0.00
133    11.0       7.0      0.00
134    13.0       3.0      0.00
135    17.0       0.0      0.00
136    23.0       9.0      0.00
137    20.0       9.0      0.00
138    22.0       6.0      0.00
139    26.0       9.0      0.00
140    22.0      15.0      0.00
141    17.0       9.0      0.00
142    19.0      12.0      0.00
143    14.0       9.0      0.00
144    14.0       8.0      0.00
145    17.0      10.0      0.00
146    22.0       5.0      0.00
147    20.0       9.0      0.00
148    22.0       8.0      0.00
149    17.0      12.0      0.00
150    22.0      15.0      0.00
151    21.0      13.0      0.00
152    25.0      13.8      0.00
153    18.8      11.1      0.00
154    13.3       4.4      0.00
155    20.0       3.8      0.00
156    22.2      11.1      0.00
157    21.6      12.2      0.00
158    21.1      10.0      0.00
159    25.5       7.2      0.00
160    28.5       9.4      0.00
161    30.0      11.6      0.00
162    31.1      14.4      0.00
163    34.4      17.2      0.00
164    30.5      17.8      0.00
165    31.6      16.1      0.00
166    32.7      18.8      0.00
167    21.1      18.8      0.00
168    18.8      15.0      0.00
169    18.8      14.4      0.00
170    24.4      16.6      0.00
171    25.5      17.2      0.00
172    27.7      16.1      0.00
173    22.2      13.3      0.00
174    27.2      14.4      0.00
175    24.4      14.4      0.00
176    30.0      13.8      0.00
177    32.7      19.4      0.00
178    32.2      21.1      0.00
179    34.4      23.3      0.00
180    33.3      21.6      0.00
181    29.4      17.2      0.00
182    33.0      23.9      0.00
183    31.0      24.0      0.00
184    31.0      15.0      0.00
185    30.0      13.0      0.00
186    27.0      21.0      0.00
187    32.0      21.9      0.00
188    32.0      20.0      0.00
189    32.0      21.0      0.00
190    32.0      20.0      0.00
191    23.0      17.0      0.00
192    26.0      14.0      0.00
193    27.0      13.0      0.00
194    28.0      13.0      0.00
195    29.0      15.0      0.00
196    30.0      16.0      0.00
197    32.0      21.0      0.00
198    33.0      21.0      0.00
199    29.0      22.0      0.00
200    28.0      21.0      0.00
201    31.0      21.0      0.00
202    34.0      24.0      0.00
203    27.0      17.0      0.00
204    23.0      13.0      0.00
205    22.0      17.0      0.00
206    26.0      19.0      0.00
207    32.0      17.0      0.00
208    29.0      19.0      0.00
209    33.3      18.0      0.00
210    29.0      19.0      0.00
211    34.0      18.0      0.00
212    33.0      20.0      0.00
213    33.0      21.0      0.00
214    35.0      24.0      0.00
215    33.0      24.0      0.00
216    29.0      15.0      0.00
217    28.3      12.0      0.00
218    29.0      11.0      0.00
219    33.0      16.0      0.00
220    33.0      23.0      0.00
221    32.0      18.0      0.00
222    28.0      19.0      0.00
223    22.0      16.0      0.00
224    27.0      17.0      0.00
225    23.0      12.0      0.00
226    24.0      10.0      0.00
227    27.0      10.0      0.00
228    29.0      13.0      0.00
229    28.0      18.0      0.00
230    24.0      19.0      0.00
231    28.0      19.0      0.00
232    28.0      14.0      0.00
233    24.0      11.0      0.00
234    20.0       9.0      0.00
235    24.0       8.0      0.00
236    24.0      14.0      0.00
237    26.0      21.0      0.00
238    24.0      14.0      0.00
239    28.0      11.0      0.00
240    27.0      13.0      0.00
241    27.0      13.0      0.00
242    25.0      13.0      0.00
243    27.0      11.0      0.00
244    30.0      18.9      0.00
245    30.0      14.0      0.00
246    27.0      11.0      0.00
247    29.0      11.0      0.00
248    28.0      18.0      0.00
249    28.0      18.0      0.00
250    32.0      22.0      0.00
251    32.0      19.0      0.00
252    32.0      20.0      0.00
253    23.0      11.0      0.00
254    24.0       9.0      0.00
255    26.0       9.0      0.00
256    21.0      13.0      0.00
257    21.0      10.0      0.00
258    19.0       6.0      0.00
259    27.0       9.0      0.00
260    26.0      11.0      0.00
261    24.0      18.0      0.00
262    21.0      16.0      0.00
263    21.0      12.0      0.00
264    17.0       6.0      0.00
265    14.0       3.0      0.00
266    16.0       2.5      0.00
267    17.0       0.0      0.00
268    13.2       9.0      0.00
269     8.0      -1.0      0.00
270    18.0       1.0      0.00
271    13.0       4.0      0.00
272    21.0      12.0      0.00
273    30.0      11.7      0.00
274    16.5       1.0      0.00
275    16.3       4.0      0.00
276    23.8       6.5      0.00
277    18.5       7.0      0.00
278    22.3       7.1      0.00
279    22.7      10.1      0.00
280    15.8      -2.1      0.00
281    11.4       1.2      0.00
282    23.0      10.0      0.00
283    22.3       4.2      0.00
284    20.8       7.0      0.00
285    14.1       3.0      0.00
286    12.0       2.2      0.00
287    14.8       0.0      0.00
288    24.7       9.1      0.00
289    21.5      14.8      0.00
290    23.5       6.7      0.00
291    25.6       5.1      0.00
292    16.0       2.9      0.00
293    13.0      -0.8      0.00
294    13.7       0.1      0.00
295    19.1      -2.0      0.00
296    14.5       6.7      0.00
297    21.0      12.3      0.00
298    20.0       9.8      0.00
299    16.0       7.0      0.00
300    17.5       8.0      0.00
301    18.3       3.2      0.00
302    19.5       8.3      0.00
303    25.5       9.9      0.00
304    10.5       5.5      0.00
305    13.5       3.0      0.00
306     5.0      -4.0      0.00
307    10.0      -7.0      0.00
308    13.0      -3.0      0.00
309    11.3      -2.0      0.00
310    11.0      -4.0      0.00
311    17.0      -1.0      0.00
312     8.2       2.0      0.00
313     8.4      -3.0      0.00
314     2.7      -3.0      0.00
315     5.6      -4.7      0.00
316    -0.8      -6.1      0.00
317     2.1      -4.4      0.00
318     3.0      -3.7      0.00
319     0.2      -7.0      0.00
320     1.0      -8.0      0.00
321    -2.0      -6.0      0.00
322    -1.3      -7.7      0.00
323     9.0      -5.0      0.00
324     8.0      -4.1      0.00
325     1.3     -10.0      0.00
326     1.4      -4.9      0.00
327    -2.2     -11.0      0.00
328     0.1     -11.8      0.00
329    -2.5     -11.8      0.00
330     4.6      -3.0      0.00
331     7.0       0.3      0.00
332     2.0      -5.9      0.00
333     2.4      -6.7      0.00
334     2.5      -9.8      0.00
335    -4.4     -11.0      0.00
336   -11.0     -14.0      0.00
337    -9.0     -16.0      0.00
338   -11.0     -20.0      0.00
339   -14.0     -21.0      0.00
340   -15.0     -24.0      0.00
341    -8.0     -22.0      0.00
342    -7.0     -21.0      0.00
343    -8.0     -18.0      0.00
344     1.0     -10.0      0.00
345    -4.0     -16.0      0.00
346    -2.0     -12.0      0.00
347    -2.0      -4.0      0.00
348    -1.0      -3.0      0.00
349    -3.0     -10.0      0.00
350    -8.0     -16.0      0.00
351   -12.0     -18.0      0.00
352   -15.0     -22.0      0.00
353   -10.0     -26.0      0.00
354    -9.0     -18.0      0.00
355    -9.0     -16.0      0.00
356     4.0     -11.0      0.00
357     6.0      -1.6      0.00
358     2.0      -3.0      0.00
359     1.0      -1.0      0.00
360     0.0      -1.0      0.00
361     0.0      -1.0      0.00
362     1.0      -2.0      0.00
363    -1.0      -3.0      0.00
364     0.0      -1.0      0.00
365    -1.0      -3.0      0.00
