5
0.1900
0.451000 0.025000 0.490000 0.220000 1.000000 0.000000 0.000000 0.000000
6.500000 1.000000 0 0.015000 0.500000 0.050000 0.010000 0.020700 0.969300
0.000000 0.022200 0.500000 279410.187500 100.000000 22
0.352100 1.140000 2.161000 0.000000 1
10.000000 10.000000 10.000000 5.000000 25.000000 100.000000
0.000000 0.031200 0.054966 0.000000 0.000000 0.000000
500.000000 0.000000 0.000000

0.000000 13.330861 3996.965088
25.078869 2.788688 1835.309570 666.726501 4036.349609
0.000000 102.985001 0.054521 3.745871 0.000000 0.000000
0.000035 0.000000 0.000000
0.520130 0.922288 0.000000
48.655441 0.000000
0.000000 0.000000 0.000000 0.000000
0.000000 185.067841
5 0.022200 0.022200 0.015000
0.025000 0.451000 0.220000 1.000000 6.500000 1.000000
279410.187500 100.000000 0.490000
0.460000 0.010000 0.050000
24.221006 1.487871 0.000397 0.000000

0.000000 12.990146 3996.227295
25.374523 2.821859 1828.864990 667.646118 4038.703613
0.000000 130.155792 0.073369 4.262406 0.000000 0.000000
0.000001 0.000000 0.000000
0.748179 0.927948 0.000000
46.883732 0.000000
0.000000 0.000000 0.000000 0.000000
0.000000 179.635117
5 0.022200 0.044400 0.015000
0.025000 0.451000 0.220000 1.000000 -431602080.000000 1.000000
279410.187500 100.000000 0.490000
0.460000 0.010000 0.050000
24.216402 1.492469 0.000401 0.000000

0.000000 12.592777 3986.642578
25.662226 2.854150 1823.110840 668.457458 4040.819336
0.000000 133.851776 1.957831 2.301191 0.000000 0.000000
0.000010 0.000000 0.000000
0.975634 0.934192 0.000000
44.043217 0.000000
0.000000 0.000000 0.000000 0.000000
0.000000 174.700089
5 0.022200 0.066600 0.015000
0.025000 0.451000 0.220000 1.000000 -431602080.000000 1.000000
279410.187500 100.000000 0.490000
0.460000 0.010000 0.050000
24.212307 1.496567 0.000406 0.000000

0.000000 12.280230 3980.961914
25.925764 2.883729 1818.028564 669.176208 4042.693848
0.000000 137.499588 3.434655 1.150595 0.000000 0.000000
0.000009 0.000000 0.000000
1.202384 0.940595 0.000000
40.618408 0.000000
0.000000 0.000000 0.000000 0.000000
0.000000 170.813461
5 0.022200 0.088800 0.015000
0.025000 0.451000 0.220000 1.000000 -431602080.000000 1.000000
279410.187500 100.000000 0.490000
0.460000 0.010000 0.050000
24.208673 1.500194 0.000410 0.000000

0.000000 12.009329 3981.085205
25.839174 2.874336 1813.439209 669.770020 4044.338867
0.000000 125.882912 4.589978 0.575298 0.000000 0.000000
0.000007 0.000000 0.000000
1.428363 0.946959 0.000000
36.913666 0.000000
0.000000 0.000000 0.000000 0.000000
0.000000 168.098373
5 0.022200 0.111000 0.015000
0.025000 0.451000 0.220000 1.000000 -431602080.000000 1.000000
279410.187500 100.000000 0.490000
0.460000 0.010000 0.050000
24.205465 1.503395 0.000414 0.000000

0.000000 11.773216 3977.106201
26.018372 2.894479 1809.470947 670.328186 4045.794678
0.000000 125.574425 5.411835 0.287649 0.000000 0.000000
0.000004 0.000000 0.000000
1.653538 0.953115 0.000000
33.134270 0.000000
0.000000 0.000000 0.000000 0.000000
0.000000 166.603058
5 0.022200 0.133200 0.015000
0.025000 0.451000 0.220000 1.000000 -431602080.000000 1.000000
279410.187500 100.000000 0.490000
0.460000 0.010000 0.050000
24.202627 1.506230 0.000418 0.000000

0.000000 11.915838 3973.549561
26.161158 2.910551 1805.841797 670.795471 4047.085205
0.000000 125.340057 5.992682 0.143824 0.000000 0.000000
0.000002 0.000000 0.000000
1.877908 0.958916 0.000000
29.428591 0.000000
0.000000 0.000000 0.000000 0.000000
0.000000 166.354553
5 0.022200 0.155400 0.015000
0.025000 0.451000 0.220000 1.000000 -431602080.000000 1.000000
279410.187500 100.000000 0.490000
0.460000 0.010000 0.050000
24.200085 1.508765 0.000422 0.000000

0.000000 11.752363 3970.320801
26.303614 2.926570 1802.622314 671.248657 4048.258789
0.000000 125.166664 6.420764 0.071912 0.000000 0.000000
0.000001 0.000000 0.000000
2.101497 0.964247 0.000000
25.906885 0.000000
0.000000 0.000000 0.000000 0.000000
0.000000 167.284241
5 0.022200 0.177600 0.015000
0.025000 0.451000 0.220000 1.000000 -431602080.000000 1.000000
279410.187500 100.000000 0.490000
0.460000 0.010000 0.050000
24.197784 1.511068 0.000425 0.000000

0.000000 11.602548 3967.326416
26.435194 2.941365 1799.638184 671.668823 4049.345703
0.000000 125.034935 6.758057 0.035956 0.000000 0.000000
0.000001 0.000000 0.000000
2.324347 0.969028 0.000000
22.649229 0.000000
0.000000 0.000000 0.000000 0.000000
0.000000 169.318497
5 0.022200 0.199800 0.015000
0.025000 0.451000 0.220000 1.000000 -431602080.000000 1.000000
279410.187500 100.000000 0.490000
0.460000 0.010000 0.050000
24.195648 1.513206 0.000428 0.000000

0.000000 14.584959 4011.262695
23.674555 2.631501 1856.880737 665.333130 4029.631348
0.000000 126.255104 2.177490 0.017978 0.000000 0.000000
0.000000 0.000000 0.000000
2.546529 0.973217 0.000000
19.709223 0.000000
0.000000 0.000000 0.000000 0.000000
0.000000 114.068039
5 0.022200 0.222000 0.012878
0.025000 0.451000 0.220000 1.000000 -431602080.000000 1.000000
279410.187500 100.000000 0.490000
0.460000 0.010000 0.050000
24.233995 1.474876 0.000411 0.000000

0.000000 0.000000 28.382906
0.579660 0.064432 9.304037 53.894257 2989.119873
0.000000 0.000000 0.000119 0.007077 0.000000 0.000000
0.000000 0.000000 0.000000
2.765701 0.976802 0.000000
17.116646 0.000000
0.000000 0.000000 0.000000 0.000000
0.000000 0.363213
5 0.022200 0.244200 0.011042
0.025000 0.451000 0.220000 1.000000 -431602080.000000 1.000000
279410.187500 100.000000 0.490000
0.460000 0.010000 0.050000
2.933244 0.718172 0.000200 0.000000

0.000000 0.000000 24.355879
0.495876 0.055120 8.001221 46.204109 2562.802490
0.000000 0.000000 0.000058 0.003476 0.000000 0.000000
0.000000 0.000000 0.000000
2.979798 0.979805 0.000000
14.880403 0.000000
0.000000 0.000000 0.000000 0.000000
0.000000 0.344180
5 0.022200 0.266400 0.009467
0.025000 0.451000 0.220000 1.000000 -431602080.000000 1.000000
279410.187500 100.000000 0.490000
0.460000 0.010000 0.050000
2.515198 0.615113 0.000172 0.000000

0.000000 0.000000 20.845772
0.424915 0.047233 6.882836 39.628933 2197.284424
0.000000 0.000000 0.000039 0.002236 0.000000 0.000000
0.000000 0.000000 0.000000
3.207257 0.982265 0.000000
12.992069 0.000000
0.000000 0.000000 0.000000 0.000000
0.000000 0.333169
5 0.022200 0.288600 0.008117
0.025000 0.451000 0.220000 1.000000 -431602080.000000 1.000000
279410.187500 100.000000 0.490000
0.460000 0.010000 0.050000
2.156715 0.527042 0.000147 0.000000

0.000000 0.000000 17.827646
0.365127 0.040587 5.919974 33.993237 1883.875488
0.000000 0.000000 0.000040 0.001124 0.000000 0.000000
0.000000 0.000000 0.000000
3.361740 0.984240 0.000000
11.429914 0.000000
0.000000 0.000000 0.000000 0.000000
0.000000 0.345613
5 0.022200 0.310800 0.006959
0.025000 0.451000 0.220000 1.000000 -431602080.000000 1.000000
279410.187500 100.000000 0.490000
0.460000 0.010000 0.050000
1.849308 0.451618 0.000126 0.000000

0.000000 0.000000 15.290572
0.313344 0.034832 5.086333 29.143950 1615.189941
0.000000 0.000000 0.000049 0.000562 0.000000 0.000000
0.000000 0.000000 0.000000
3.832876 0.985791 0.000000
10.163041 0.000000
0.000000 0.000000 0.000000 0.000000
0.000000 0.348063
5 0.022200 0.333000 0.005967
0.025000 0.451000 0.220000 1.000000 -431602080.000000 1.000000
279410.187500 100.000000 0.490000
0.460000 0.010000 0.050000
1.585685 0.387021 0.000108 0.000000

0.000000 0.000000 13.123657
0.268338 0.029827 4.377203 24.984619 1384.822388
0.000000 0.000000 0.000015 0.000281 0.000000 0.000000
0.000000 0.000000 0.000000
3.169946 0.986987 0.000000
9.155306 0.000000
0.000000 0.000000 0.000000 0.000000
0.000000 0.373790
5 0.022200 0.355200 0.005116
0.025000 0.451000 0.220000 1.000000 -431602080.000000 1.000000
279410.187500 100.000000 0.490000
0.460000 0.010000 0.050000
1.359729 0.331575 0.000093 0.000000

0.000000 0.000000 11.256626
0.231010 0.025685 3.746824 21.418198 1187.320435
0.000000 0.000000 0.000043 0.000140 0.000000 0.000000
0.000000 0.000000 0.000000
5.782684 0.987890 0.000000
8.368731 0.000000
0.000000 0.000000 0.000000 0.000000
0.000000 0.337386
5 0.022200 0.377400 0.004386
0.025000 0.451000 0.220000 1.000000 -431602080.000000 1.000000
279410.187500 100.000000 0.490000
0.460000 0.010000 0.050000
1.165734 0.284322 0.000080 0.000000

0.000000 0.000000 9.697751
0.196929 0.021884 3.252651 18.353146 1017.959778
0.000000 0.000000 0.000005 0.000070 0.000000 0.000000
0.000000 0.000000 0.000000
0.929913 0.988558 0.000000
7.766310 0.000000
0.000000 0.000000 0.000000 0.000000
0.000000 0.520480
5 0.022200 0.399600 0.003760
0.025000 0.451000 0.220000 1.000000 -431602080.000000 1.000000
279410.187500 100.000000 0.490000
0.460000 0.010000 0.050000
0.999980 0.243238 0.000068 0.000000

0.000000 0.000000 8.291677
0.170105 0.018918 2.756265 15.738575 872.789185
0.000000 0.000000 0.000043 0.000035 0.000000 0.000000
0.000000 0.000000 0.000000
8.956845 0.989040 0.000000
7.314212 0.000000
0.000000 0.000000 0.000000 0.000000
0.000000 0.350066
5 0.022200 0.421800 0.003224
0.025000 0.451000 0.220000 1.000000 -431602080.000000 1.000000
279410.187500 100.000000 0.490000
0.460000 0.010000 0.050000
0.856961 0.208932 0.000059 0.000000

0.000000 0.000000 7.167162
0.144437 0.016049 2.405193 13.480205 748.297791
0.000000 0.000000 0.000002 0.000018 0.000000 0.000000
0.000000 0.000000 0.000000
0.000000 0.184926 4.464684
3.657106 0.000000
0.000000 0.000000 0.000000 0.000000
0.000000 0.649431
5 0.022200 0.444000 0.002764
0.025000 0.451000 0.220000 1.000000 -431602080.000000 1.000000
279410.187500 100.000000 0.490000
0.460000 0.010000 0.050000
0.735269 0.178627 0.000009 0.000000

0.000000 0.000000 6.108240
0.125319 0.013936 2.035982 11.565761 641.576599
0.000000 0.000000 0.000032 0.000009 0.000000 0.000000
0.000000 0.000000 0.000000
8.039027 0.989583 0.000000
5.089557 0.000000
0.000000 0.000000 0.000000 0.000000
0.000000 0.351777
5 0.022200 0.466200 0.002370
0.025000 0.451000 0.220000 1.000000 -431602080.000000 1.000000
279410.187500 100.000000 0.490000
0.460000 0.010000 0.050000
0.630073 0.153444 0.000043 0.000000

0.000000 0.000000 5.229451
0.106642 0.011854 1.755657 9.920548 550.072388
0.000000 0.000000 0.000009 0.000004 0.000000 0.000000
0.000000 0.000000 0.000000
3.596021 0.989671 0.000000
5.778316 0.000000
0.000000 0.000000 0.000000 0.000000
0.000000 0.453331
5 0.022200 0.488400 0.002032
0.025000 0.451000 0.220000 1.000000 -431602080.000000 1.000000
279410.187500 100.000000 0.490000
0.460000 0.010000 0.050000
0.540321 0.131441 0.000037 0.000000
1.000000
9.990000
0.000000 0.000000
0.015070
0
-9.990000
0 0
1.000000
0
-431602080.000000
1.000000
1.000000
1.000000
0.000000 -431602080.000000 0.000000
0.000000 0.000000
0.000000 0.000000 0.000000 0.000000 0.000000 0.000000 0.000000
0.000000 0.000000 0.000000 0.000000 0.000000 0.000000 0.000000
0
