  5


0.1900  0.4510  0.0250  0.4900  0.2200  1.0000
0.000000 0.000000 1.260140 6.500000 1  0.015000
0.5000  0.0500  0.0100  0.0207  0.9693  0.0000
0.0222  0.5000  279410.1875  100.0000  22
0.3521  1.1400
2.1610  0.0000  1  10.0000  10.0000  10.0000  5.0000
25.0000  100.0000 0.0000  0.0000  0.0000  0.0000
0.0000  0.0000
500.0000  0.0000  0.0000

1.000000
9.990000
0.000000 0.000000
0.490000
0.220000
0.200000 2.000000
0.000000 0.000000 41.911526 86.840682 4062.400526 0.000000 0.139705 0.009779 0.004191
3.160119
1.000000
0
0.000000
1.000000
1.000000
1.000000
10.000000
10.000000
