Physiology and phenology parameters for plants simulated in DNDC
        Crop_ID       Crop_name   max_biomass_C  grain_fraction leaf+stem_fraction   root_fraction         GrainCN         ShootCN          RootCN     WaterDemand        OptimumT             TDD       Nfixation     Vascularity   PerennialCrop 
              0          Fallow           0.04            0.10            0.25            0.25            0.40            1.00            1.00            1.00            1.00            0.00           20.00            0.00            1.00            0.00              0
              1            Corn       10309.00            0.40            0.22            0.22            0.16           50.00           80.00           80.00           80.00          150.00           30.00         2550.00            1.00            0.00              0
              2    Winter_wheat        7610.00            0.41            0.21            0.21            0.17           40.00           95.00           95.00           95.00          200.00           22.00         1300.00            1.00            0.00              0
              3         Soybean        3512.00            0.35            0.22            0.22            0.20           10.00           45.00           45.00           24.00          350.00           25.00         1500.00            5.00            0.00              0
              4      Legume_hay       11000.00            0.01            0.40            0.40            0.19           50.00           50.00           50.00           90.00          550.00           21.00         2500.00            5.00            0.00              0
              5  Non_legume_hay       11000.00            0.01            0.40            0.40            0.19           80.00           80.00           80.00           90.00          550.00           21.00         2500.00            2.00            0.00              0
              6    Spring_wheat        7800.00            0.40            0.22            0.22            0.16           50.00           80.00           80.00           80.00          300.00           22.00         1500.00            1.00            0.00              0
              7       Sugarcane       17760.00            0.01            0.44            0.44            0.10          150.00          130.00          130.00          150.00          500.00           32.00         5000.00            1.00            0.00              0
              8          Barley        8320.00            0.30            0.23            0.23            0.23           45.00           75.00           75.00           85.00          250.00           21.00         1300.00            1.00            0.00              0
              9            Oats       10435.00            0.23            0.27            0.27            0.23           35.00           75.00           75.00           85.00          250.00           21.00         1650.00            1.00            0.00              0
             10         Alfalfa        5614.00            0.01            0.28            0.28            0.42           10.00           25.00           25.00           35.00          300.00           23.00         2000.00            2.00            0.00              0
             11    Annual_grass        4444.00            0.01            0.22            0.22            0.54           33.00           33.00           33.00           50.00          300.00           21.00         2500.00            1.01            0.00              0
             12 Perennial_grass        9333.00            0.02            0.35            0.35            0.28           35.00           35.00           35.00           50.00          200.00           21.00         2000.00            1.50            0.00              1
             13         Sorghum        6857.00            0.35            0.28            0.28            0.09           40.00           69.00           69.00           85.00          200.00           26.00         2600.00            1.00            0.00              0
             14          Cotton        4500.00            0.32            0.26            0.26            0.16           10.00           45.00           45.00           75.00          400.00           25.00         2500.00            1.00            0.00              0
             15             Rye        3048.00            0.28            0.23            0.23            0.25           20.00           50.00           50.00           50.00          250.00           25.00         2000.00            1.00            0.00              0
             16      Vegetables        3692.00            0.65            0.15            0.15            0.05           30.00           30.00           30.00           50.00          500.00           25.00         1400.00            1.00            0.00              0
             17          Papaya       20000.00            0.20            0.30            0.30            0.20           30.00           21.20           21.20           50.00          800.00           25.00         5000.00            1.00            0.00              0
             18          Potato        8571.00            0.70            0.13            0.13            0.05           60.00           60.00           60.00           60.00          415.00           25.00         2100.00            1.00            0.00              0
             19            Beet       11520.00            0.75            0.10            0.10            0.05           58.00           50.00           50.00           80.00          318.00           25.00         2550.00            1.00            0.00              0
             20      Paddy_rice        8238.00            0.41            0.27            0.27            0.05           45.00           85.00           85.00           85.00          508.00           25.00         2000.00            1.05            1.00              0
             21          Banana        8000.00            0.30            0.30            0.30            0.10           45.00           37.00           37.00           37.00          456.00           25.00         5000.00            1.00            0.00              0
             22          Celery        4000.00            0.01            0.34            0.34            0.32           12.00           12.00           12.00           21.00          500.00           25.00         1300.00            1.00            0.00              0
             23          Peanut        3757.00            0.35            0.23            0.23            0.18           20.00           40.00           40.00           40.00          300.00           25.00         2900.00            1.00            0.00              0
             24     Upland_rice        4444.00            0.45            0.24            0.24            0.07           35.00           55.00           55.00           40.00          400.00           25.00         2250.00            1.00            0.00              0
             25       Rapeseeds        5634.00            0.23            0.34            0.34            0.08           20.00           75.00           75.00           95.00          300.00           25.00         1800.00            1.00            0.00              0
             26         Tobacco        1920.00            0.45            0.24            0.24            0.07           15.00           15.00           15.00           40.00          700.00           25.00         3400.00            1.00            0.00              0
             27          Millet        2129.00            0.30            0.25            0.25            0.20           20.00           40.00           40.00           50.00          331.00           25.00         1750.00            1.00            0.00              0
             28       Sunflower        2401.00            0.30            0.25            0.25            0.20           10.00           45.00           45.00           50.00          495.00           25.00         1500.00            1.00            0.00              0
             29           Beans        2933.00            0.36            0.23            0.23            0.18            9.20           45.00           45.00           55.00          300.00           28.00         1900.00            1.20            0.00              0
             30  DeepWater_rice        3429.00            0.35            0.28            0.28            0.10           29.00           40.00           40.00           72.00          455.00           25.00         1500.00            1.00            1.00              0
             31           Onion        9600.00            0.50            0.20            0.20            0.10           20.00           50.00           50.00           40.00          235.00           25.00         2550.00            1.00            0.00              0
             32            Palm         280.00            0.20            0.25            0.25            0.30           10.00           30.00           30.00           50.00          250.00           25.00         3000.00            1.00            0.00              0
             33      Strawberry        7309.00            0.50            0.10            0.10            0.30           20.00           30.00           30.00           40.00          800.00           25.00         1400.00            1.00            0.00              0
             34         Lettuce        1428.00            0.64            0.08            0.08            0.20           11.50           20.00           20.00           30.00          800.00           25.00         1400.00            1.00            0.00              0
             35       Artichoke        6882.00            0.50            0.10            0.10            0.30           20.00           30.00           30.00           40.00          800.00           25.00         1400.00            1.00            0.00              0
             36         Flowers        1827.00            0.50            0.10            0.10            0.30           20.00           30.00           30.00           40.00          800.00           25.00         1400.00            1.00            0.00              0
             37          Sprout        1827.00            0.50            0.10            0.10            0.30           20.00           30.00           30.00           40.00          800.00           25.00         1400.00            1.00            0.00              0
             38         Berries        3200.00            0.50            0.10            0.10            0.30           20.00           30.00           30.00           40.00          800.00           25.00         1400.00            1.00            0.00              0
             39     Truck_crops        1428.00            0.64            0.08            0.08            0.20           10.00           20.00           20.00           30.00          800.00           25.00         1400.00            1.00            0.00              0
             40     Fruit_trees        3823.00            0.45            0.15            0.15            0.25           30.00           50.00           50.00           50.00          550.00           25.00         3000.00            1.00            0.00              0
             41          Citrus        5381.00            0.50            0.13            0.13            0.25           30.00           50.00           50.00           50.00          550.00           25.00         3000.00            1.00            0.00              0
             42           Grape         700.00            0.40            0.20            0.20            0.20           22.00           18.90           18.90           44.00          350.00           25.00         1600.00            1.00            0.00              0
             43     Silage_corn        9000.00            0.40            0.22            0.22            0.16           50.00           80.00           80.00           80.00          150.00           25.00         2500.00            1.00            0.00              0
             44            Hops        1777.00            0.45            0.15            0.15            0.25           30.00           40.00           40.00           50.00          550.00           25.00         3000.00            1.00            0.00              0
             45          Tomato        4613.00            0.36            0.22            0.22            0.20           26.00           26.00           26.00           45.00          900.00           25.00         1400.00            1.00            0.00              0
             46    Rainfed_rice        8238.00            0.41            0.27            0.27            0.05           45.00           85.00           85.00           85.00          508.00           25.00         2000.00            1.05            1.00              0
             47      Cover_crop        4000.00            0.01            0.40            0.40            0.19           15.00           25.00           25.00           30.00          300.00           25.00         1300.00            1.50            0.00              0
             48       Safflower        6500.00            0.16            0.32            0.32            0.20           16.00           60.00           60.00           60.00          300.00           25.00         1000.00            1.00            0.00              0
             49            Flax        1500.00            0.40            0.20            0.20            0.20            9.00           25.00           25.00           30.00          250.00           25.00         2300.00            1.00            0.00              0
             50           Sedge       20000.00            0.10            0.30            0.30            0.30           50.00           61.00           61.00           44.00          800.00           25.00         3000.00            1.00            0.00              1
             51         Cassava        9231.00            0.65            0.15            0.15            0.05           70.00           65.00           65.00           75.00          415.00           25.00         3100.00            1.00            0.00              0
             52         Cattail       14000.00            0.01            0.28            0.28            0.44           66.00           66.00           66.00           40.00          550.00           25.00         3000.00            1.00            1.00              0
             53     CA_broccoli        4000.00            0.30            0.27            0.27            0.16           10.00           14.70           14.70           45.00          150.00           25.00         1800.00            1.00            0.00              0
             54      Evergreens        4324.00            0.37            0.22            0.22            0.20           50.00           75.00           75.00           85.00          400.00           25.00         4000.00            1.00            0.00              0
             55         Cabbage        2800.00            0.01            0.43            0.43            0.14           15.00           20.00           20.00           50.00          450.00           25.00         2500.00            1.00            0.00              0
             56     Green_onion        4000.00            0.05            0.40            0.40            0.15           10.00           10.00           10.00           15.00          400.00           25.00         2200.00            1.00            0.00              0
             57         Mustard        4400.00            0.10            0.30            0.30            0.30           15.00           25.00           25.00           45.00          150.00           25.00         2200.00            1.00            0.00              0
             58            Tule       10800.00            0.01            0.28            0.28            0.44           66.00           66.00           66.00           40.00          508.00           25.00         3000.00            1.00            1.00              1
             59            Moss        4800.00            0.01            0.45            0.45            0.09          120.00          120.00          120.00          120.00          550.00           20.00          500.00            1.00            0.00              1
             60          Radish        4081.00            0.75            0.13            0.13            0.01           19.00           45.00           45.00           44.00          508.00           15.00         1000.00            1.00            0.00              0
             61           Shrub        2400.00            0.01            0.25            0.25            0.49           30.00          150.00          150.00          150.00          250.00           15.00         2000.00            1.00            0.00              1
             62    Boreal_sedge        1480.00            0.01            0.20            0.20            0.59          100.00          100.00          100.00          100.00          100.00           15.00         1200.00            1.00            1.00              1
             63          Almond        3333.33            0.30            0.25            0.25            0.20           10.00           15.00           15.00           50.00          150.00           15.00         4000.00            1.00            0.00              1
             64        New_crop           0.00            0.00            0.00            0.00            1.00            1.00            1.00            1.00            1.00            0.00           25.00            0.00            1.00            0.00              0
             65        New_crop           0.00            0.00            0.00            0.00            1.00            1.00            1.00            1.00            1.00            0.00           25.00            0.00            1.00            0.00              0
             66        New_crop           0.00            0.00            0.00            0.00            1.00            1.00            1.00            1.00            1.00            0.00           25.00            0.00            1.00            0.00              0
             67        New_crop           0.00            0.00            0.00            0.00            1.00            1.00            1.00            1.00            1.00            0.00           25.00            0.00            1.00            0.00              0
             68        New_crop           0.00            0.00            0.00            0.00            1.00            1.00            1.00            1.00            1.00            0.00           25.00            0.00            1.00            0.00              0
             69        New_crop           0.00            0.00            0.00            0.00            1.00            1.00            1.00            1.00            1.00            0.00           25.00            0.00            1.00            0.00              0
             70    Poplar_Imola       18000.00            0.01            0.16            0.65            0.18           19.00           19.00          426.00           45.00          100.00           18.00         3500.00            1.20            0.00              1
             71 Poplar_Tricobell       12000.00            0.01            0.23            0.54            0.22           30.00           30.00          282.00          103.00          170.00           15.00         3500.00            1.20            0.00              1
             72     Poplar_Ghoy       10000.00            0.01            0.23            0.54            0.22           30.00           30.00          282.00          103.00          110.00           30.00         3500.00            1.20            0.00              1
             73        New_crop           0.00            0.00            0.00            0.00            1.00            1.00            1.00            1.00            1.00            0.00           25.00            0.00            1.00            0.00              0
             74        New_crop           0.00            0.00            0.00            0.00            1.00            1.00            1.00            1.00            1.00            0.00           25.00            0.00            1.00            0.00              0
             75        New_crop           0.00            0.00            0.00            0.00            1.00            1.00            1.00            1.00            1.00            0.00           25.00            0.00            1.00            0.00              0
             76        New_crop           0.00            0.00            0.00            0.00            1.00            1.00            1.00            1.00            1.00            0.00           25.00            0.00            1.00            0.00              0
             77        New_crop           0.00            0.00            0.00            0.00            1.00            1.00            1.00            1.00            1.00            0.00           25.00            0.00            1.00            0.00              0
             78        New_crop           0.00            0.00            0.00            0.00            1.00            1.00            1.00            1.00            1.00            0.00           25.00            0.00            1.00            0.00              0
             79        New_crop           0.00            0.00            0.00            0.00            1.00            1.00            1.00            1.00            1.00            0.00           25.00            0.00            1.00            0.00              0
             80        New_crop           0.00            0.00            0.00            0.00            1.00            1.00            1.00            1.00            1.00            0.00           25.00            0.00            1.00            0.00              0
             81        New_crop           0.00            0.00            0.00            0.00            1.00            1.00            1.00            1.00            1.00            0.00           25.00            0.00            1.00            0.00              0
             82        New_crop           0.00            0.00            0.00            0.00            1.00            1.00            1.00            1.00            1.00            0.00           25.00            0.00            1.00            0.00              0
             83        New_crop           0.00            0.00            0.00            0.00            1.00            1.00            1.00            1.00            1.00            0.00           25.00            0.00            1.00            0.00              0
             84        New_crop           0.00            0.00            0.00            0.00            1.00            1.00            1.00            1.00            1.00            0.00           25.00            0.00            1.00            0.00              0
             85        New_crop           0.00            0.00            0.00            0.00            1.00            1.00            1.00            1.00            1.00            0.00           25.00            0.00            1.00            0.00              0
             86        New_crop           0.00            0.00            0.00            0.00            1.00            1.00            1.00            1.00            1.00            0.00           25.00            0.00            1.00            0.00              0
             87        New_crop           0.00            0.00            0.00            0.00            1.00            1.00            1.00            1.00            1.00            0.00           25.00            0.00            1.00            0.00              0
             88        New_crop           0.00            0.00            0.00            0.00            1.00            1.00            1.00            1.00            1.00            0.00           25.00            0.00            1.00            0.00              0
             89        New_crop           0.00            0.00            0.00            0.00            1.00            1.00            1.00            1.00            1.00            0.00           25.00            0.00            1.00            0.00              0
             90        New_crop           0.00            0.00            0.00            0.00            1.00            1.00            1.00            1.00            1.00            0.00           25.00            0.00            1.00            0.00              0
           Unit            None          kgC/ha            None            None            None            None            None            None  kg_water/kg_DW        Degree_C        Degree_C            None            None            None 
